<?xml version="1.0" encoding="utf-8"?>
<COLLADA xmlns="http://www.collada.org/2005/11/COLLADASchema" version="1.4.1">
  <asset><contributor><author>Mixamo</author><authoring_tool>COLLADA Mixamo exporter</authoring_tool><comments></comments></contributor><created>2018-09-26T15:43:59Z</created><modified>2018-09-26T15:43:59Z</modified><revision></revision><title></title><unit meter="0.010000"/><up_axis>Y_UP</up_axis></asset>
  <library_animations>
    <animation id="mixamorig_Hips-anim" name="mixamorig_Hips"><source id="mixamorig_Hips-Matrix-animation-input"><float_array id="mixamorig_Hips-Matrix-animation-input-array" count="27">

0.000000 0.033333 0.066667 0.100000 0.133333 0.166667 0.200000 0.233333 0.266667 0.300000 0.333333 0.366667 0.400000 0.433333 0.466667 0.500000
0.533333 0.566667 0.600000 0.633333 0.666667 0.700000 0.733333 0.766667 0.800000 0.833333 0.866667</float_array><technique_common><accessor source="#mixamorig_Hips-Matrix-animation-input-array" count="27"><param name="TIME" type="float"/></accessor></technique_common></source><source id="mixamorig_Hips-Matrix-animation-output-transform"><float_array id="mixamorig_Hips-Matrix-animation-output-transform-array" count="432">

0.995052 -0.062823 0.076969 0.233117 0.064195 0.997817 -0.015484 82.785538 -0.075829 0.020349 0.996913 -1.108258 0.000000 0.000000 0.000000 1.000000
0.995510 -0.048039 0.081564 -0.214182 0.049328 0.998686 -0.013867 82.373108 -0.080791 0.017828 0.996572 3.828467 0.000000 0.000000 0.000000 1.000000
0.996981 -0.027197 0.072725 -0.702929 0.028014 0.999555 -0.010243 82.097542 -0.072414 0.012249 0.997299 8.613401 0.000000 0.000000 0.000000 1.000000
0.998542 0.001835 0.053942 -1.130154 -0.001560 0.999986 -0.005145 81.978851 -0.053951 0.005053 0.998531 12.942881 0.000000 0.000000 0.000000 1.000000
0.998955 0.025581 0.037871 -1.523067 -0.025521 0.999672 -0.002053 82.139008 -0.037911 0.001084 0.999281 17.111090 0.000000 0.000000 0.000000 1.000000
0.998819 0.034891 0.033807 -1.880632 -0.034755 0.999385 -0.004615 82.776573 -0.033947 0.003434 0.999418 21.368509 0.000000 0.000000 0.000000 1.000000
0.998777 0.031263 0.038305 -2.134175 -0.030814 0.999450 -0.012250 83.686356 -0.038667 0.011055 0.999191 25.726025 0.000000 0.000000 0.000000 1.000000
0.999165 0.022218 0.034277 -2.201097 -0.021451 0.999515 -0.022578 84.528778 -0.034762 0.021824 0.999157 30.077196 0.000000 0.000000 0.000000 1.000000
0.999904 0.012057 0.006802 -2.078330 -0.011805 0.999285 -0.035928 85.123871 -0.007231 0.035844 0.999331 34.344208 0.000000 0.000000 0.000000 1.000000
0.999200 0.001595 -0.039954 -1.832152 -0.003695 0.998611 -0.052552 85.470573 0.039814 0.052658 0.997819 38.493515 0.000000 0.000000 0.000000 1.000000
0.996255 -0.003618 -0.086384 -1.508017 -0.002211 0.997731 -0.067291 85.433594 0.086431 0.067230 0.993987 42.571697 0.000000 0.000000 0.000000 1.000000
0.992965 0.000874 -0.118409 -1.129456 -0.009595 0.997278 -0.073104 84.903931 0.118022 0.073726 0.990270 46.697575 0.000000 0.000000 0.000000 1.000000
0.990332 0.008036 -0.138488 -0.769004 -0.017940 0.997356 -0.070420 84.063950 0.137556 0.072224 0.987857 51.026245 0.000000 0.000000 0.000000 1.000000
0.987728 0.005920 -0.156072 -0.502445 -0.016379 0.997697 -0.065815 83.354553 0.155323 0.067563 0.985551 55.487022 0.000000 0.000000 0.000000 1.000000
0.985105 -0.012391 -0.171506 -0.313154 0.001783 0.998083 -0.061868 82.983536 0.171943 0.060641 0.983239 60.078201 0.000000 0.000000 0.000000 1.000000
0.983289 -0.043178 -0.176856 -0.130624 0.033970 0.997921 -0.054770 82.808670 0.178854 0.047847 0.982712 64.728546 0.000000 0.000000 0.000000 1.000000
0.980284 -0.092320 -0.174700 -0.013676 0.086053 0.995356 -0.043136 82.310616 0.177871 0.027252 0.983676 69.248375 0.000000 0.000000 0.000000 1.000000
0.975939 -0.132935 -0.172836 0.168875 0.129053 0.991070 -0.033561 81.864716 0.175754 0.010448 0.984379 73.334572 0.000000 0.000000 0.000000 1.000000
0.972225 -0.152148 -0.177846 0.348574 0.148588 0.988340 -0.033250 81.957626 0.180831 0.005901 0.983496 77.521103 0.000000 0.000000 0.000000 1.000000
0.971681 -0.150082 -0.182515 0.455987 0.145253 0.988601 -0.039621 82.577782 0.186380 0.011988 0.982405 81.818626 0.000000 0.000000 0.000000 1.000000
0.975740 -0.134745 -0.172555 0.459180 0.129038 0.990666 -0.043926 83.456161 0.176863 0.020594 0.984020 86.163582 0.000000 0.000000 0.000000 1.000000
0.983372 -0.114503 -0.140953 0.394673 0.109604 0.993085 -0.042069 84.228363 0.144795 0.025921 0.989122 90.416817 0.000000 0.000000 0.000000 1.000000
0.991072 -0.093956 -0.094592 0.342510 0.090822 0.995183 -0.036919 84.651733 0.097605 0.027998 0.994831 94.548592 0.000000 0.000000 0.000000 1.000000
0.995940 -0.077220 -0.046263 0.339072 0.075777 0.996606 -0.032172 84.597771 0.048590 0.028536 0.998411 98.595070 0.000000 0.000000 0.000000 1.000000
0.997723 -0.067388 -0.002678 0.354138 0.067288 0.997344 -0.027888 84.116158 0.004550 0.027644 0.999607 102.600960 0.000000 0.000000 0.000000 1.000000
0.997257 -0.063812 0.037507 0.324910 0.064681 0.997654 -0.022432 83.419090 -0.035987 0.024796 0.999045 106.613289 0.000000 0.000000 0.000000 1.000000
0.995086 -0.061663 0.077473 0.241741 0.063040 0.997891 -0.015453 82.749535 -0.076357 0.020261 0.996875 110.648621 0.000000 0.000000 0.000000 1.000000</float_array><technique_common><accessor source="#mixamorig_Hips-Matrix-animation-output-transform-array" count="27" stride="16"><param type="float4x4"/></accessor></technique_common></source><source id="mixamorig_Hips-Interpolations"><Name_array id="mixamorig_Hips-Interpolations-array" count="27">
 LINEAR LINEAR LINEAR LINEAR LINEAR LINEAR LINEAR LINEAR LINEAR LINEAR LINEAR
LINEAR LINEAR LINEAR LINEAR LINEAR LINEAR LINEAR LINEAR LINEAR LINEAR LINEAR LINEAR
LINEAR LINEAR LINEAR LINEAR</Name_array><technique_common><accessor source="#mixamorig_Hips-Interpolations-array" count="27"><param type="name"/></accessor></technique_common></source><sampler id="mixamorig_Hips-Matrix-animation-transform"><input semantic="INPUT" source="#mixamorig_Hips-Matrix-animation-input"/><input semantic="OUTPUT" source="#mixamorig_Hips-Matrix-animation-output-transform"/><input semantic="INTERPOLATION" source="#mixamorig_Hips-Interpolations"/></sampler><channel source="#mixamorig_Hips-Matrix-animation-transform" target="mixamorig_Hips/matrix"/></animation>
    <animation id="mixamorig_Spine-anim" name="mixamorig_Spine"><source id="mixamorig_Spine-Matrix-animation-input"><float_array id="mixamorig_Spine-Matrix-animation-input-array" count="27">

0.000000 0.033333 0.066667 0.100000 0.133333 0.166667 0.200000 0.233333 0.266667 0.300000 0.333333 0.366667 0.400000 0.433333 0.466667 0.500000
0.533333 0.566667 0.600000 0.633333 0.666667 0.700000 0.733333 0.766667 0.800000 0.833333 0.866667</float_array><technique_common><accessor source="#mixamorig_Spine-Matrix-animation-input-array" count="27"><param name="TIME" type="float"/></accessor></technique_common></source><source id="mixamorig_Spine-Matrix-animation-output-transform"><float_array id="mixamorig_Spine-Matrix-animation-output-transform-array" count="432">

0.999566 0.014138 -0.025833 0.005100 -0.014882 0.999474 -0.028807 8.712000 0.025412 0.029179 0.999251 -0.691000 0.000000 0.000000 0.000000 1.000000
0.999582 0.007846 -0.027832 0.005100 -0.008688 0.999505 -0.030230 8.712000 0.027581 0.030459 0.999155 -0.691000 0.000000 0.000000 0.000000 1.000000
0.999555 0.000052 -0.029839 0.005100 -0.000974 0.999522 -0.030886 8.712000 0.029823 0.030901 0.999077 -0.691000 0.000000 0.000000 0.000000 1.000000
0.999524 -0.009333 -0.029400 0.005100 0.008438 0.999502 -0.030416 8.712000 0.029669 0.030153 0.999105 -0.691000 0.000000 0.000000 0.000000 1.000000
0.999417 -0.018044 -0.028989 0.005100 0.017145 0.999374 -0.030938 8.712000 0.029529 0.030423 0.999101 -0.691000 0.000000 0.000000 0.000000 1.000000
0.999343 -0.023173 -0.027862 0.005100 0.022286 0.999247 -0.031759 8.712000 0.028577 0.031118 0.999107 -0.691000 0.000000 0.000000 0.000000 1.000000
0.999373 -0.023671 -0.026318 0.005100 0.022830 0.999233 -0.031810 8.712000 0.027051 0.031190 0.999147 -0.691000 0.000000 0.000000 0.000000 1.000000
0.999492 -0.022153 -0.022915 0.005100 0.021447 0.999301 -0.030609 8.712000 0.023577 0.030102 0.999269 -0.691000 0.000000 0.000000 0.000000 1.000000
0.999670 -0.020578 -0.015384 0.005100 0.020145 0.999410 -0.027809 8.712000 0.015947 0.027489 0.999495 -0.691000 0.000000 0.000000 0.000000 1.000000
0.999806 -0.019170 -0.004511 0.005100 0.019059 0.999543 -0.023484 8.712000 0.004960 0.023393 0.999714 -0.691000 0.000000 0.000000 0.000000 1.000000
0.999742 -0.021851 0.006266 0.005100 0.021963 0.999587 -0.018510 8.712000 -0.005859 0.018643 0.999809 -0.691000 0.000000 0.000000 0.000000 1.000000
0.999454 -0.029755 0.014357 0.005100 0.029957 0.999453 -0.014038 8.712000 -0.013932 0.014461 0.999798 -0.691000 0.000000 0.000000 0.000000 1.000000
0.999286 -0.033012 0.018370 0.005100 0.033227 0.999382 -0.011481 8.712000 -0.017980 0.012084 0.999765 -0.691000 0.000000 0.000000 0.000000 1.000000
0.999567 -0.023280 0.017986 0.005100 0.023491 0.999656 -0.011623 8.712000 -0.017710 0.012040 0.999771 -0.691000 0.000000 0.000000 0.000000 1.000000
0.999894 -0.004599 0.013804 0.005100 0.004784 0.999899 -0.013373 8.712000 -0.013741 0.013438 0.999815 -0.691000 0.000000 0.000000 0.000000 1.000000
0.999901 0.011577 0.008023 0.005100 -0.011456 0.999821 -0.015059 8.712000 -0.008196 0.014965 0.999854 -0.691000 0.000000 0.000000 0.000000 1.000000
0.999217 0.038902 0.007145 0.005100 -0.038776 0.999103 -0.017016 8.712000 -0.007800 0.016726 0.999830 -0.691000 0.000000 0.000000 0.000000 1.000000
0.997813 0.065340 0.010009 0.005100 -0.065137 0.997687 -0.019437 8.712000 -0.011256 0.018743 0.999761 -0.691000 0.000000 0.000000 0.000000 1.000000
0.996331 0.084469 0.013731 0.005100 -0.084165 0.996222 -0.021395 8.712000 -0.015486 0.020161 0.999677 -0.691000 0.000000 0.000000 0.000000 1.000000
0.995732 0.091065 0.015031 0.005100 -0.090723 0.995632 -0.022052 8.712000 -0.016974 0.020594 0.999644 -0.691000 0.000000 0.000000 0.000000 1.000000
0.996177 0.086452 0.012577 0.005100 -0.086164 0.996041 -0.021866 8.712000 -0.014417 0.020699 0.999682 -0.691000 0.000000 0.000000 0.000000 1.000000
0.997043 0.076583 0.006286 0.005100 -0.076432 0.996843 -0.021485 8.712000 -0.007912 0.020941 0.999749 -0.691000 0.000000 0.000000 0.000000 1.000000
0.997908 0.064599 -0.002400 0.005100 -0.064636 0.997683 -0.021255 8.712000 0.001021 0.021365 0.999771 -0.691000 0.000000 0.000000 0.000000 1.000000
0.998618 0.051332 -0.011312 0.005100 -0.051572 0.998427 -0.022008 8.712000 0.010165 0.022561 0.999694 -0.691000 0.000000 0.000000 0.000000 1.000000
0.999086 0.038119 -0.019331 0.005100 -0.038587 0.998957 -0.024421 8.712000 0.018380 0.025145 0.999515 -0.691000 0.000000 0.000000 0.000000 1.000000
0.999386 0.025708 -0.023827 0.005100 -0.026342 0.999296 -0.026709 8.712000 0.023123 0.027320 0.999359 -0.691000 0.000000 0.000000 0.000000 1.000000
0.999570 0.012959 -0.026305 0.005100 -0.013717 0.999490 -0.028836 8.712000 0.025918 0.029185 0.999238 -0.691000 0.000000 0.000000 0.000000 1.000000</float_array><technique_common><accessor source="#mixamorig_Spine-Matrix-animation-output-transform-array" count="27" stride="16"><param type="float4x4"/></accessor></technique_common></source><source id="mixamorig_Spine-Interpolations"><Name_array id="mixamorig_Spine-Interpolations-array" count="27">
 LINEAR LINEAR LINEAR LINEAR LINEAR LINEAR LINEAR LINEAR LINEAR LINEAR LINEAR
LINEAR LINEAR LINEAR LINEAR LINEAR LINEAR LINEAR LINEAR LINEAR LINEAR LINEAR LINEAR
LINEAR LINEAR LINEAR LINEAR</Name_array><technique_common><accessor source="#mixamorig_Spine-Interpolations-array" count="27"><param type="name"/></accessor></technique_common></source><sampler id="mixamorig_Spine-Matrix-animation-transform"><input semantic="INPUT" source="#mixamorig_Spine-Matrix-animation-input"/><input semantic="OUTPUT" source="#mixamorig_Spine-Matrix-animation-output-transform"/><input semantic="INTERPOLATION" source="#mixamorig_Spine-Interpolations"/></sampler><channel source="#mixamorig_Spine-Matrix-animation-transform" target="mixamorig_Spine/matrix"/></animation>
    <animation id="mixamorig_Spine1-anim" name="mixamorig_Spine1"><source id="mixamorig_Spine1-Matrix-animation-input"><float_array id="mixamorig_Spine1-Matrix-animation-input-array" count="27">

0.000000 0.033333 0.066667 0.100000 0.133333 0.166667 0.200000 0.233333 0.266667 0.300000 0.333333 0.366667 0.400000 0.433333 0.466667 0.500000
0.533333 0.566667 0.600000 0.633333 0.666667 0.700000 0.733333 0.766667 0.800000 0.833333 0.866667</float_array><technique_common><accessor source="#mixamorig_Spine1-Matrix-animation-input-array" count="27"><param name="TIME" type="float"/></accessor></technique_common></source><source id="mixamorig_Spine1-Matrix-animation-output-transform"><float_array id="mixamorig_Spine1-Matrix-animation-output-transform-array" count="432">

0.996790 0.021277 -0.077183 -0.009200 -0.025657 0.998089 -0.056214 8.660300 0.075839 0.058014 0.995431 -1.275000 0.000000 0.000000 0.000000 1.000000
0.996187 0.012810 -0.086295 -0.009200 -0.017922 0.998113 -0.058722 8.660300 0.085380 0.060045 0.994538 -1.275000 0.000000 0.000000 0.000000 1.000000
0.995895 0.005020 -0.090374 -0.009200 -0.010518 0.998116 -0.060453 8.660300 0.089900 0.061155 0.994071 -1.275000 0.000000 0.000000 0.000000 1.000000
0.996472 -0.000869 -0.083924 -0.009200 -0.004303 0.998103 -0.061419 8.660300 0.083818 0.061564 0.994578 -1.275000 0.000000 0.000000 0.000000 1.000000
0.997196 -0.002946 -0.074774 -0.009200 -0.001807 0.997986 -0.063411 8.660300 0.074811 0.063368 0.995182 -1.275000 0.000000 0.000000 0.000000 1.000000
0.997721 -0.000286 -0.067468 -0.009200 -0.004066 0.997919 -0.064355 8.660300 0.067346 0.064483 0.995644 -1.275000 0.000000 0.000000 0.000000 1.000000
0.998106 0.005509 -0.061271 -0.009200 -0.009378 0.997967 -0.063047 8.660300 0.060799 0.063502 0.996128 -1.275000 0.000000 0.000000 0.000000 1.000000
0.998632 0.012550 -0.050770 -0.009200 -0.015571 0.998104 -0.059550 8.660300 0.049926 0.060259 0.996933 -1.275000 0.000000 0.000000 0.000000 1.000000
0.999286 0.020383 -0.031825 -0.009200 -0.022079 0.998304 -0.053862 8.660300 0.030673 0.054526 0.998041 -1.275000 0.000000 0.000000 0.000000 1.000000
0.999564 0.028522 -0.007585 -0.009200 -0.028845 0.998497 -0.046611 8.660300 0.006244 0.046809 0.998884 -1.275000 0.000000 0.000000 0.000000 1.000000
0.999292 0.035096 0.013524 -0.009200 -0.034532 0.998606 -0.039913 8.660300 -0.014906 0.039418 0.999112 -1.275000 0.000000 0.000000 0.000000 1.000000
0.998911 0.038373 0.026548 -0.009200 -0.037417 0.998664 -0.035636 8.660300 -0.027880 0.034604 0.999012 -1.275000 0.000000 0.000000 0.000000 1.000000
0.998630 0.039471 0.034357 -0.009200 -0.038309 0.998692 -0.033849 8.660300 -0.035648 0.032486 0.998836 -1.275000 0.000000 0.000000 0.000000 1.000000
0.998238 0.041991 0.041916 -0.009200 -0.040604 0.998616 -0.033421 8.660300 -0.043261 0.031660 0.998562 -1.275000 0.000000 0.000000 0.000000 1.000000
0.997577 0.049536 0.048851 -0.009200 -0.047919 0.998282 -0.033727 8.660300 -0.050438 0.031305 0.998236 -1.275000 0.000000 0.000000 0.000000 1.000000
0.996726 0.062976 0.050705 -0.009200 -0.061229 0.997499 -0.035313 8.660300 -0.052802 0.032093 0.998089 -1.275000 0.000000 0.000000 0.000000 1.000000
0.995769 0.079369 0.046310 -0.009200 -0.077600 0.996228 -0.038821 8.660300 -0.049217 0.035063 0.998172 -1.275000 0.000000 0.000000 0.000000 1.000000
0.994933 0.092188 0.040127 -0.009200 -0.090474 0.994986 -0.042626 8.660300 -0.043856 0.038780 0.998285 -1.275000 0.000000 0.000000 0.000000 1.000000
0.994699 0.096212 0.036292 -0.009200 -0.094580 0.994531 -0.044300 8.660300 -0.040356 0.040633 0.998359 -1.275000 0.000000 0.000000 0.000000 1.000000
0.995225 0.091773 0.033242 -0.009200 -0.090289 0.994956 -0.043704 8.660300 -0.037085 0.040494 0.998491 -1.275000 0.000000 0.000000 0.000000 1.000000
0.996208 0.083072 0.025864 -0.009200 -0.081920 0.995719 -0.042807 8.660300 -0.029309 0.040526 0.998749 -1.275000 0.000000 0.000000 0.000000 1.000000
0.997260 0.073090 0.011408 -0.009200 -0.072544 0.996456 -0.042584 8.660300 -0.014480 0.041639 0.999028 -1.275000 0.000000 0.000000 0.000000 1.000000
0.998016 0.062426 -0.008209 -0.009200 -0.062722 0.997110 -0.042873 8.660300 0.005509 0.043303 0.999047 -1.275000 0.000000 0.000000 0.000000 1.000000
0.998260 0.051214 -0.029234 -0.009200 -0.052490 0.997621 -0.044689 8.660300 0.026875 0.046146 0.998573 -1.275000 0.000000 0.000000 0.000000 1.000000
0.997966 0.040015 -0.049619 -0.009200 -0.042462 0.997882 -0.049287 8.660300 0.047542 0.051293 0.997551 -1.275000 0.000000 0.000000 0.000000 1.000000
0.997465 0.030390 -0.064336 -0.009200 -0.033827 0.998021 -0.053014 8.660300 0.062598 0.055056 0.996519 -1.275000 0.000000 0.000000 0.000000 1.000000
0.996790 0.021277 -0.077183 -0.009200 -0.025657 0.998089 -0.056214 8.660300 0.075839 0.058014 0.995431 -1.275000 0.000000 0.000000 0.000000 1.000000</float_array><technique_common><accessor source="#mixamorig_Spine1-Matrix-animation-output-transform-array" count="27" stride="16"><param type="float4x4"/></accessor></technique_common></source><source id="mixamorig_Spine1-Interpolations"><Name_array id="mixamorig_Spine1-Interpolations-array" count="27">
 LINEAR LINEAR LINEAR LINEAR LINEAR LINEAR LINEAR LINEAR LINEAR LINEAR LINEAR
LINEAR LINEAR LINEAR LINEAR LINEAR LINEAR LINEAR LINEAR LINEAR LINEAR LINEAR LINEAR
LINEAR LINEAR LINEAR LINEAR</Name_array><technique_common><accessor source="#mixamorig_Spine1-Interpolations-array" count="27"><param type="name"/></accessor></technique_common></source><sampler id="mixamorig_Spine1-Matrix-animation-transform"><input semantic="INPUT" source="#mixamorig_Spine1-Matrix-animation-input"/><input semantic="OUTPUT" source="#mixamorig_Spine1-Matrix-animation-output-transform"/><input semantic="INTERPOLATION" source="#mixamorig_Spine1-Interpolations"/></sampler><channel source="#mixamorig_Spine1-Matrix-animation-transform" target="mixamorig_Spine1/matrix"/></animation>
    <animation id="mixamorig_Spine2-anim" name="mixamorig_Spine2"><source id="mixamorig_Spine2-Matrix-animation-input"><float_array id="mixamorig_Spine2-Matrix-animation-input-array" count="27">

0.000000 0.033333 0.066667 0.100000 0.133333 0.166667 0.200000 0.233333 0.266667 0.300000 0.333333 0.366667 0.400000 0.433333 0.466667 0.500000
0.533333 0.566667 0.600000 0.633333 0.666667 0.700000 0.733333 0.766667 0.800000 0.833333 0.866667</float_array><technique_common><accessor source="#mixamorig_Spine2-Matrix-animation-input-array" count="27"><param name="TIME" type="float"/></accessor></technique_common></source><source id="mixamorig_Spine2-Matrix-animation-output-transform"><float_array id="mixamorig_Spine2-Matrix-animation-output-transform-array" count="432">

0.996790 0.021366 -0.077155 0.006300 -0.025749 0.998083 -0.056273 9.852500 0.075805 0.058079 0.995430 -1.857000 0.000000 0.000000 0.000000 1.000000
0.996193 0.012922 -0.086215 0.006300 -0.018038 0.998105 -0.058834 9.852500 0.085292 0.060165 0.994538 -1.857000 0.000000 0.000000 0.000000 1.000000
0.995903 0.005094 -0.090281 0.006300 -0.010596 0.998107 -0.060574 9.852500 0.089802 0.061282 0.994072 -1.857000 0.000000 0.000000 0.000000 1.000000
0.996474 -0.000949 -0.083900 0.006300 -0.004224 0.998101 -0.061453 9.852500 0.083799 0.061591 0.994577 -1.857000 0.000000 0.000000 0.000000 1.000000
0.997193 -0.003110 -0.074811 0.006300 -0.001641 0.997989 -0.063367 9.852500 0.074858 0.063312 0.995182 -1.857000 0.000000 0.000000 0.000000 1.000000
0.997718 -0.000415 -0.067525 0.006300 -0.003936 0.997923 -0.064297 9.852500 0.067411 0.064416 0.995644 -1.857000 0.000000 0.000000 0.000000 1.000000
0.998104 0.005461 -0.061304 0.006300 -0.009331 0.997968 -0.063024 9.852500 0.060835 0.063476 0.996127 -1.857000 0.000000 0.000000 0.000000 1.000000
0.998634 0.012561 -0.050727 0.006300 -0.015581 0.998102 -0.059583 9.852500 0.049883 0.060292 0.996934 -1.857000 0.000000 0.000000 0.000000 1.000000
0.999290 0.020402 -0.031679 0.006300 -0.022092 0.998300 -0.053933 9.852500 0.030525 0.054595 0.998042 -1.857000 0.000000 0.000000 0.000000 1.000000
0.999566 0.028523 -0.007371 0.006300 -0.028837 0.998495 -0.046646 9.852500 0.006029 0.046839 0.998884 -1.857000 0.000000 0.000000 0.000000 1.000000
0.999289 0.035127 0.013723 0.006300 -0.034556 0.998609 -0.039829 9.852500 -0.015103 0.039327 0.999112 -1.857000 0.000000 0.000000 0.000000 1.000000
0.998902 0.038511 0.026666 0.006300 -0.037557 0.998667 -0.035405 9.852500 -0.027994 0.034365 0.999017 -1.857000 0.000000 0.000000 0.000000 1.000000
0.998619 0.039722 0.034387 0.006300 -0.038571 0.998693 -0.033528 9.852500 -0.035674 0.032156 0.998846 -1.857000 0.000000 0.000000 0.000000 1.000000
0.998228 0.042261 0.041895 0.006300 -0.040887 0.998615 -0.033117 9.852500 -0.043236 0.031346 0.998573 -1.857000 0.000000 0.000000 0.000000 1.000000
0.997569 0.049740 0.048802 0.006300 -0.048136 0.998279 -0.033509 9.852500 -0.050385 0.031078 0.998246 -1.857000 0.000000 0.000000 0.000000 1.000000
0.996721 0.063133 0.050606 0.006300 -0.061397 0.997494 -0.035160 9.852500 -0.052699 0.031937 0.998100 -1.857000 0.000000 0.000000 0.000000 1.000000
0.995765 0.079511 0.046148 0.006300 -0.077753 0.996221 -0.038705 9.852500 -0.049051 0.034953 0.998185 -1.857000 0.000000 0.000000 0.000000 1.000000
0.994930 0.092295 0.039944 0.006300 -0.090591 0.994978 -0.042562 9.852500 -0.043672 0.038728 0.998295 -1.857000 0.000000 0.000000 0.000000 1.000000
0.994699 0.096262 0.036153 0.006300 -0.094634 0.994526 -0.044305 9.852500 -0.040220 0.040649 0.998364 -1.857000 0.000000 0.000000 0.000000 1.000000
0.995227 0.091780 0.033164 0.006300 -0.090297 0.994953 -0.043753 9.852500 -0.037012 0.040550 0.998492 -1.857000 0.000000 0.000000 0.000000 1.000000
0.996210 0.083064 0.025802 0.006300 -0.081913 0.995718 -0.042860 9.852500 -0.029252 0.040584 0.998748 -1.857000 0.000000 0.000000 0.000000 1.000000
0.997262 0.073083 0.011310 0.006300 -0.072540 0.996455 -0.042604 9.852500 -0.014384 0.041667 0.999028 -1.857000 0.000000 0.000000 0.000000 1.000000
0.998015 0.062420 -0.008347 0.006300 -0.062722 0.997111 -0.042847 9.852500 0.005648 0.043285 0.999047 -1.857000 0.000000 0.000000 0.000000 1.000000
0.998256 0.051209 -0.029374 0.006300 -0.052489 0.997624 -0.044631 9.852500 0.027018 0.046095 0.998572 -1.857000 0.000000 0.000000 0.000000 1.000000
0.997961 0.040015 -0.049724 0.006300 -0.042465 0.997884 -0.049227 9.852500 0.047649 0.051238 0.997549 -1.857000 0.000000 0.000000 0.000000 1.000000
0.997461 0.030430 -0.064379 0.006300 -0.033868 0.998020 -0.053006 9.852500 0.062638 0.055052 0.996517 -1.857000 0.000000 0.000000 0.000000 1.000000
0.996790 0.021366 -0.077155 0.006300 -0.025749 0.998083 -0.056273 9.852500 0.075805 0.058079 0.995430 -1.857000 0.000000 0.000000 0.000000 1.000000</float_array><technique_common><accessor source="#mixamorig_Spine2-Matrix-animation-output-transform-array" count="27" stride="16"><param type="float4x4"/></accessor></technique_common></source><source id="mixamorig_Spine2-Interpolations"><Name_array id="mixamorig_Spine2-Interpolations-array" count="27">
 LINEAR LINEAR LINEAR LINEAR LINEAR LINEAR LINEAR LINEAR LINEAR LINEAR LINEAR
LINEAR LINEAR LINEAR LINEAR LINEAR LINEAR LINEAR LINEAR LINEAR LINEAR LINEAR LINEAR
LINEAR LINEAR LINEAR LINEAR</Name_array><technique_common><accessor source="#mixamorig_Spine2-Interpolations-array" count="27"><param type="name"/></accessor></technique_common></source><sampler id="mixamorig_Spine2-Matrix-animation-transform"><input semantic="INPUT" source="#mixamorig_Spine2-Matrix-animation-input"/><input semantic="OUTPUT" source="#mixamorig_Spine2-Matrix-animation-output-transform"/><input semantic="INTERPOLATION" source="#mixamorig_Spine2-Interpolations"/></sampler><channel source="#mixamorig_Spine2-Matrix-animation-transform" target="mixamorig_Spine2/matrix"/></animation>
    <animation id="mixamorig_Neck-anim" name="mixamorig_Neck"><source id="mixamorig_Neck-Matrix-animation-input"><float_array id="mixamorig_Neck-Matrix-animation-input-array" count="27">

0.000000 0.033333 0.066667 0.100000 0.133333 0.166667 0.200000 0.233333 0.266667 0.300000 0.333333 0.366667 0.400000 0.433333 0.466667 0.500000
0.533333 0.566667 0.600000 0.633333 0.666667 0.700000 0.733333 0.766667 0.800000 0.833333 0.866667</float_array><technique_common><accessor source="#mixamorig_Neck-Matrix-animation-input-array" count="27"><param name="TIME" type="float"/></accessor></technique_common></source><source id="mixamorig_Neck-Matrix-animation-output-transform"><float_array id="mixamorig_Neck-Matrix-animation-output-transform-array" count="432">

0.999952 0.003254 0.009255 0.016300 -0.003123 0.999895 -0.014167 11.420800 -0.009300 0.014137 0.999857 -0.263300 0.000000 0.000000 0.000000 1.000000
0.999918 0.006404 0.011112 0.016300 -0.006280 0.999918 -0.011184 11.420800 -0.011183 0.011113 0.999876 -0.263300 0.000000 0.000000 0.000000 1.000000
0.999884 0.008148 0.012851 0.016300 -0.008042 0.999934 -0.008246 11.420800 -0.012918 0.008142 0.999883 -0.263300 0.000000 0.000000 0.000000 1.000000
0.999885 0.006172 0.013853 0.016300 -0.006093 0.999965 -0.005704 11.420800 -0.013887 0.005619 0.999888 -0.263300 0.000000 0.000000 0.000000 1.000000
0.999913 0.002317 0.012951 0.016300 -0.002258 0.999987 -0.004575 11.420800 -0.012961 0.004546 0.999906 -0.263300 0.000000 0.000000 0.000000 1.000000
0.999945 0.000376 0.010493 0.016300 -0.000325 0.999988 -0.004895 11.420800 -0.010494 0.004892 0.999933 -0.263300 0.000000 0.000000 0.000000 1.000000
0.999969 0.001977 0.007681 0.016300 -0.001931 0.999980 -0.005975 11.420800 -0.007693 0.005959 0.999953 -0.263300 0.000000 0.000000 0.000000 1.000000
0.999971 0.005327 0.005366 0.016300 -0.005289 0.999961 -0.007125 11.420800 -0.005404 0.007097 0.999960 -0.263300 0.000000 0.000000 0.000000 1.000000
0.999964 0.007615 0.003631 0.016300 -0.007587 0.999941 -0.007794 11.420800 -0.003690 0.007766 0.999963 -0.263300 0.000000 0.000000 0.000000 1.000000
0.999967 0.007795 0.002344 0.016300 -0.007777 0.999940 -0.007707 11.420800 -0.002404 0.007688 0.999968 -0.263300 0.000000 0.000000 0.000000 1.000000
0.999980 0.006238 0.001371 0.016300 -0.006228 0.999953 -0.007451 11.420800 -0.001418 0.007442 0.999971 -0.263300 0.000000 0.000000 0.000000 1.000000
0.999995 0.003035 0.000370 0.016300 -0.003032 0.999961 -0.008246 11.420800 -0.000395 0.008245 0.999966 -0.263300 0.000000 0.000000 0.000000 1.000000
0.999998 -0.001942 -0.000953 0.016300 0.001932 0.999944 -0.010444 11.420800 0.000973 0.010442 0.999945 -0.263300 0.000000 0.000000 0.000000 1.000000
0.999966 -0.007920 -0.002356 0.016300 0.007889 0.999887 -0.012798 11.420800 0.002457 0.012779 0.999915 -0.263300 0.000000 0.000000 0.000000 1.000000
0.999908 -0.013139 -0.003311 0.016300 0.013091 0.999817 -0.013984 11.420800 0.003494 0.013940 0.999897 -0.263300 0.000000 0.000000 0.000000 1.000000
0.999868 -0.015870 -0.003611 0.016300 0.015816 0.999771 -0.014415 11.420800 0.003839 0.014356 0.999890 -0.263300 0.000000 0.000000 0.000000 1.000000
0.999876 -0.015415 -0.003296 0.016300 0.015361 0.999760 -0.015630 11.420800 0.003536 0.015578 0.999872 -0.263300 0.000000 0.000000 0.000000 1.000000
0.999919 -0.012541 -0.002250 0.016300 0.012498 0.999759 -0.018040 11.420800 0.002476 0.018011 0.999835 -0.263300 0.000000 0.000000 0.000000 1.000000
0.999957 -0.009215 -0.000455 0.016300 0.009204 0.999749 -0.020444 11.420800 0.000643 0.020439 0.999791 -0.263300 0.000000 0.000000 0.000000 1.000000
0.999971 -0.007448 0.001544 0.016300 0.007480 0.999731 -0.021949 11.420800 -0.001380 0.021960 0.999758 -0.263300 0.000000 0.000000 0.000000 1.000000
0.999965 -0.007764 0.002954 0.016300 0.007830 0.999704 -0.023054 11.420800 -0.002774 0.023076 0.999730 -0.263300 0.000000 0.000000 0.000000 1.000000
0.999955 -0.008852 0.003513 0.016300 0.008935 0.999667 -0.024209 11.420800 -0.003297 0.024240 0.999701 -0.263300 0.000000 0.000000 0.000000 1.000000
0.999953 -0.008927 0.003713 0.016300 0.009015 0.999657 -0.024582 11.420800 -0.003492 0.024615 0.999691 -0.263300 0.000000 0.000000 0.000000 1.000000
0.999965 -0.007241 0.004303 0.016300 0.007339 0.999704 -0.023180 11.420800 -0.004134 0.023211 0.999722 -0.263300 0.000000 0.000000 0.000000 1.000000
0.999975 -0.004283 0.005601 0.016300 0.004395 0.999785 -0.020267 11.420800 -0.005513 0.020291 0.999779 -0.263300 0.000000 0.000000 0.000000 1.000000
0.999973 -0.000592 0.007378 0.016300 0.000719 0.999852 -0.017198 11.420800 -0.007367 0.017203 0.999825 -0.263300 0.000000 0.000000 0.000000 1.000000
0.999952 0.003254 0.009255 0.016300 -0.003123 0.999895 -0.014167 11.420800 -0.009300 0.014137 0.999857 -0.263300 0.000000 0.000000 0.000000 1.000000</float_array><technique_common><accessor source="#mixamorig_Neck-Matrix-animation-output-transform-array" count="27" stride="16"><param type="float4x4"/></accessor></technique_common></source><source id="mixamorig_Neck-Interpolations"><Name_array id="mixamorig_Neck-Interpolations-array" count="27">
 LINEAR LINEAR LINEAR LINEAR LINEAR LINEAR LINEAR LINEAR LINEAR LINEAR LINEAR
LINEAR LINEAR LINEAR LINEAR LINEAR LINEAR LINEAR LINEAR LINEAR LINEAR LINEAR LINEAR
LINEAR LINEAR LINEAR LINEAR</Name_array><technique_common><accessor source="#mixamorig_Neck-Interpolations-array" count="27"><param type="name"/></accessor></technique_common></source><sampler id="mixamorig_Neck-Matrix-animation-transform"><input semantic="INPUT" source="#mixamorig_Neck-Matrix-animation-input"/><input semantic="OUTPUT" source="#mixamorig_Neck-Matrix-animation-output-transform"/><input semantic="INTERPOLATION" source="#mixamorig_Neck-Interpolations"/></sampler><channel source="#mixamorig_Neck-Matrix-animation-transform" target="mixamorig_Neck/matrix"/></animation>
    <animation id="mixamorig_Head-anim" name="mixamorig_Head"><source id="mixamorig_Head-Matrix-animation-input"><float_array id="mixamorig_Head-Matrix-animation-input-array" count="27">

0.000000 0.033333 0.066667 0.100000 0.133333 0.166667 0.200000 0.233333 0.266667 0.300000 0.333333 0.366667 0.400000 0.433333 0.466667 0.500000
0.533333 0.566667 0.600000 0.633333 0.666667 0.700000 0.733333 0.766667 0.800000 0.833333 0.866667</float_array><technique_common><accessor source="#mixamorig_Head-Matrix-animation-input-array" count="27"><param name="TIME" type="float"/></accessor></technique_common></source><source id="mixamorig_Head-Matrix-animation-output-transform"><float_array id="mixamorig_Head-Matrix-animation-output-transform-array" count="432">

0.999113 -0.005550 0.041738 -0.019200 -0.001962 0.984058 0.177836 9.262400 -0.042060 -0.177760 0.983175 2.362500 0.000000 0.000000 0.000000 1.000000
0.998654 0.006282 0.051479 -0.019200 -0.015620 0.982977 0.183065 9.262400 -0.049452 -0.183623 0.981752 2.362500 0.000000 0.000000 0.000000 1.000000
0.997986 0.015713 0.061462 -0.019200 -0.027060 0.981715 0.188422 9.262400 -0.057377 -0.189705 0.980163 2.362500 0.000000 0.000000 0.000000 1.000000
0.997415 0.017885 0.069588 -0.019200 -0.031252 0.980097 0.196045 9.262400 -0.064697 -0.197713 0.978123 2.362500 0.000000 0.000000 0.000000 1.000000
0.997737 0.009383 0.066578 -0.019200 -0.022665 0.979193 0.201662 9.262400 -0.063300 -0.202715 0.977190 2.362500 0.000000 0.000000 0.000000 1.000000
0.998680 -0.006489 0.050950 -0.019200 -0.003656 0.980492 0.196523 9.262400 -0.051231 -0.196450 0.979175 2.362500 0.000000 0.000000 0.000000 1.000000
0.999326 -0.021392 0.029846 -0.019200 0.015620 0.983227 0.181716 9.262400 -0.033233 -0.181127 0.982898 2.362500 0.000000 0.000000 0.000000 1.000000
0.999505 -0.029240 0.011645 -0.019200 0.026931 0.986038 0.164331 9.262400 -0.016287 -0.163936 0.986337 2.362500 0.000000 0.000000 0.000000 1.000000
0.999551 -0.029962 -0.000003 -0.019200 0.029619 0.988122 0.150788 9.262400 -0.004515 -0.150720 0.988566 2.362500 0.000000 0.000000 0.000000 1.000000
0.999605 -0.027473 -0.005888 -0.019200 0.028039 0.988879 0.146058 9.262400 0.001810 -0.146165 0.989259 2.362500 0.000000 0.000000 0.000000 1.000000
0.999626 -0.025993 -0.008541 -0.019200 0.026992 0.987941 0.152463 9.262400 0.004475 -0.152636 0.988272 2.362500 0.000000 0.000000 0.000000 1.000000
0.999575 -0.027212 -0.010420 -0.019200 0.028559 0.985910 0.164822 9.262400 0.005788 -0.165050 0.986268 2.362500 0.000000 0.000000 0.000000 1.000000
0.999469 -0.030111 -0.012489 -0.019200 0.031812 0.984594 0.171936 9.262400 0.007120 -0.172242 0.985029 2.362500 0.000000 0.000000 0.000000 1.000000
0.999320 -0.034119 -0.013987 -0.019200 0.035982 0.985210 0.167528 9.262400 0.008065 -0.167918 0.985768 2.362500 0.000000 0.000000 0.000000 1.000000
0.999040 -0.041222 -0.014818 -0.019200 0.043043 0.986598 0.157390 9.262400 0.008131 -0.157877 0.987425 2.362500 0.000000 0.000000 0.000000 1.000000
0.998476 -0.052596 -0.016704 -0.019200 0.054530 0.986840 0.152229 9.262400 0.008478 -0.152908 0.988204 2.362500 0.000000 0.000000 0.000000 1.000000
0.997756 -0.064024 -0.019619 -0.019200 0.066297 0.985685 0.155015 9.262400 0.009413 -0.155968 0.987717 2.362500 0.000000 0.000000 0.000000 1.000000
0.997471 -0.068356 -0.019463 -0.019200 0.070589 0.984705 0.159292 9.262400 0.008276 -0.160263 0.987040 2.362500 0.000000 0.000000 0.000000 1.000000
0.997888 -0.063690 -0.012782 -0.019200 0.064911 0.985260 0.158273 9.262400 0.002513 -0.158768 0.987313 2.362500 0.000000 0.000000 0.000000 1.000000
0.998429 -0.055992 -0.001941 -0.019200 0.055642 0.986951 0.151099 9.262400 -0.006544 -0.150970 0.988517 2.362500 0.000000 0.000000 0.000000 1.000000
0.998614 -0.052139 0.007144 -0.019200 0.050606 0.988642 0.141511 9.262400 -0.014441 -0.140953 0.989911 2.362500 0.000000 0.000000 0.000000 1.000000
0.998544 -0.052759 0.011208 -0.019200 0.050778 0.989622 0.134426 9.262400 -0.018184 -0.133661 0.990860 2.362500 0.000000 0.000000 0.000000 1.000000
0.998536 -0.052665 0.012323 -0.019200 0.050538 0.989641 0.134378 9.262400 -0.019272 -0.133558 0.990854 2.362500 0.000000 0.000000 0.000000 1.000000
0.998808 -0.046341 0.015326 -0.019200 0.043661 0.988628 0.143902 9.262400 -0.021820 -0.143061 0.989473 2.362500 0.000000 0.000000 0.000000 1.000000
0.999200 -0.032806 0.022873 -0.019200 0.028696 0.986487 0.161308 9.262400 -0.027855 -0.160523 0.986639 2.362500 0.000000 0.000000 0.000000 1.000000
0.999302 -0.018953 0.032201 -0.019200 0.013172 0.985166 0.171099 9.262400 -0.034966 -0.170556 0.984727 2.362500 0.000000 0.000000 0.000000 1.000000
0.999113 -0.005550 0.041738 -0.019200 -0.001962 0.984058 0.177836 9.262400 -0.042060 -0.177760 0.983175 2.362500 0.000000 0.000000 0.000000 1.000000</float_array><technique_common><accessor source="#mixamorig_Head-Matrix-animation-output-transform-array" count="27" stride="16"><param type="float4x4"/></accessor></technique_common></source><source id="mixamorig_Head-Interpolations"><Name_array id="mixamorig_Head-Interpolations-array" count="27">
 LINEAR LINEAR LINEAR LINEAR LINEAR LINEAR LINEAR LINEAR LINEAR LINEAR LINEAR
LINEAR LINEAR LINEAR LINEAR LINEAR LINEAR LINEAR LINEAR LINEAR LINEAR LINEAR LINEAR
LINEAR LINEAR LINEAR LINEAR</Name_array><technique_common><accessor source="#mixamorig_Head-Interpolations-array" count="27"><param type="name"/></accessor></technique_common></source><sampler id="mixamorig_Head-Matrix-animation-transform"><input semantic="INPUT" source="#mixamorig_Head-Matrix-animation-input"/><input semantic="OUTPUT" source="#mixamorig_Head-Matrix-animation-output-transform"/><input semantic="INTERPOLATION" source="#mixamorig_Head-Interpolations"/></sampler><channel source="#mixamorig_Head-Matrix-animation-transform" target="mixamorig_Head/matrix"/></animation>
    <animation id="mixamorig_LeftShoulder-anim" name="mixamorig_LeftShoulder"><source id="mixamorig_LeftShoulder-Matrix-animation-input"><float_array id="mixamorig_LeftShoulder-Matrix-animation-input-array" count="27">

0.000000 0.033333 0.066667 0.100000 0.133333 0.166667 0.200000 0.233333 0.266667 0.300000 0.333333 0.366667 0.400000 0.433333 0.466667 0.500000
0.533333 0.566667 0.600000 0.633333 0.666667 0.700000 0.733333 0.766667 0.800000 0.833333 0.866667</float_array><technique_common><accessor source="#mixamorig_LeftShoulder-Matrix-animation-input-array" count="27"><param name="TIME" type="float"/></accessor></technique_common></source><source id="mixamorig_LeftShoulder-Matrix-animation-output-transform"><float_array id="mixamorig_LeftShoulder-Matrix-animation-output-transform-array" count="432">

0.974564 0.198350 -0.104321 5.616900 -0.200826 0.979531 -0.013689 6.732200 0.099471 0.034291 0.994449 -0.345700 0.000000 0.000000 0.000000 1.000000
0.974273 0.200455 -0.103001 5.616900 -0.202904 0.979102 -0.013771 6.732200 0.098088 0.034316 0.994586 -0.345700 0.000000 0.000000 0.000000 1.000000
0.974127 0.201953 -0.101451 5.616900 -0.204362 0.978798 -0.013827 6.732200 0.096508 0.034202 0.994744 -0.345700 0.000000 0.000000 0.000000 1.000000
0.974234 0.202147 -0.100026 5.616900 -0.204507 0.978768 -0.013823 6.732200 0.095108 0.033923 0.994889 -0.345700 0.000000 0.000000 0.000000 1.000000
0.974137 0.202487 -0.100284 5.616900 -0.204859 0.978694 -0.013839 6.732200 0.095345 0.034025 0.994863 -0.345700 0.000000 0.000000 0.000000 1.000000
0.973872 0.203466 -0.100873 5.616900 -0.205867 0.978482 -0.013882 6.732200 0.095878 0.034285 0.994802 -0.345700 0.000000 0.000000 0.000000 1.000000
0.974066 0.203432 -0.099047 5.616900 -0.205768 0.978502 -0.013866 6.732200 0.094097 0.033887 0.994986 -0.345700 0.000000 0.000000 0.000000 1.000000
0.975097 0.200898 -0.093943 5.616900 -0.203038 0.979075 -0.013716 6.732200 0.089222 0.032448 0.995483 -0.345700 0.000000 0.000000 0.000000 1.000000
0.976304 0.197421 -0.088635 5.616900 -0.199360 0.979833 -0.013496 6.732200 0.084183 0.030846 0.995973 -0.345700 0.000000 0.000000 0.000000 1.000000
0.976637 0.196206 -0.087651 5.616900 -0.198105 0.980089 -0.013426 6.732200 0.083272 0.030476 0.996061 -0.345700 0.000000 0.000000 0.000000 1.000000
0.975921 0.197620 -0.092328 5.616900 -0.199681 0.979767 -0.013551 6.732200 0.087782 0.031661 0.995636 -0.345700 0.000000 0.000000 0.000000 1.000000
0.975026 0.198562 -0.099489 5.616900 -0.200871 0.979523 -0.013655 6.732200 0.094740 0.033299 0.994945 -0.345700 0.000000 0.000000 0.000000 1.000000
0.974911 0.196595 -0.104400 5.616900 -0.199057 0.979893 -0.013611 6.732200 0.099625 0.034051 0.994442 -0.345700 0.000000 0.000000 0.000000 1.000000
0.975727 0.192434 -0.104525 5.616900 -0.194862 0.980738 -0.013446 6.732200 0.099924 0.033487 0.994431 -0.345700 0.000000 0.000000 0.000000 1.000000
0.976865 0.188331 -0.101327 5.616900 -0.190612 0.981576 -0.013232 6.732200 0.096968 0.032240 0.994765 -0.345700 0.000000 0.000000 0.000000 1.000000
0.977570 0.185981 -0.098833 5.616900 -0.188157 0.982052 -0.013089 6.732200 0.094625 0.031391 0.995018 -0.345700 0.000000 0.000000 0.000000 1.000000
0.977454 0.186157 -0.099642 5.616900 -0.188361 0.982012 -0.013109 6.732200 0.095409 0.031582 0.994937 -0.345700 0.000000 0.000000 0.000000 1.000000
0.976717 0.188555 -0.102331 5.616900 -0.190872 0.981526 -0.013251 6.732200 0.097942 0.032474 0.994662 -0.345700 0.000000 0.000000 0.000000 1.000000
0.976076 0.191212 -0.103506 5.616900 -0.193593 0.980991 -0.013376 6.732200 0.098981 0.033094 0.994539 -0.345700 0.000000 0.000000 0.000000 1.000000
0.976152 0.191611 -0.102046 5.616900 -0.193946 0.980921 -0.013379 6.732200 0.097535 0.032851 0.994690 -0.345700 0.000000 0.000000 0.000000 1.000000
0.976735 0.189570 -0.100260 5.616900 -0.191825 0.981339 -0.013269 6.732200 0.095873 0.032193 0.994873 -0.345700 0.000000 0.000000 0.000000 1.000000
0.977046 0.187717 -0.100718 5.616900 -0.189971 0.981701 -0.013190 6.732200 0.096399 0.032021 0.994828 -0.345700 0.000000 0.000000 0.000000 1.000000
0.976690 0.188244 -0.103157 5.616900 -0.190586 0.981581 -0.013245 6.732200 0.098764 0.032596 0.994577 -0.345700 0.000000 0.000000 0.000000 1.000000
0.975984 0.190672 -0.105357 5.616900 -0.193113 0.981085 -0.013374 6.732200 0.100814 0.033399 0.994345 -0.345700 0.000000 0.000000 0.000000 1.000000
0.975376 0.193380 -0.106045 5.616900 -0.195871 0.980537 -0.013496 6.732200 0.101371 0.033934 0.994270 -0.345700 0.000000 0.000000 0.000000 1.000000
