<?xml version="1.0" encoding="utf-8"?>
<COLLADA xmlns="http://www.collada.org/2005/11/COLLADASchema" version="1.4.1">
  <asset><contributor><author>Mixamo</author><authoring_tool>COLLADA Mixamo exporter</authoring_tool><comments></comments></contributor><created>2018-09-26T15:46:28Z</created><modified>2018-09-26T15:46:28Z</modified><revision></revision><title></title><unit meter="0.010000"/><up_axis>Y_UP</up_axis></asset>
  <library_animations>
    <animation id="mixamorig_Hips-anim" name="mixamorig_Hips"><source id="mixamorig_Hips-Matrix-animation-input"><float_array id="mixamorig_Hips-Matrix-animation-input-array" count="99">

0.000000 0.033333 0.066667 0.100000 0.133333 0.166667 0.200000 0.233333 0.266667 0.300000 0.333333 0.366667 0.400000 0.433333 0.466667 0.500000
0.533333 0.566667 0.600000 0.633333 0.666667 0.700000 0.733333 0.766667 0.800000 0.833333 0.866667 0.900000 0.933333 0.966667 1.000000 1.033333
1.066667 1.100000 1.133333 1.166667 1.200000 1.233333 1.266667 1.300000 1.333333 1.366667 1.400000 1.433333 1.466667 1.500000 1.533333 1.566667
1.600000 1.633333 1.666667 1.700000 1.733333 1.766667 1.800000 1.833333 1.866667 1.900000 1.933333 1.966667 2.000000 2.033333 2.066667 2.100000
2.133333 2.166667 2.200000 2.233333 2.266667 2.300000 2.333333 2.366667 2.400000 2.433333 2.466667 2.500000 2.533333 2.566667 2.600000 2.633333
2.666667 2.700000 2.733333 2.766667 2.800000 2.833333 2.866667 2.900000 2.933333 2.966667 3.000000 3.033333 3.066667 3.100000 3.133333 3.166667
3.200000 3.233333 3.266667</float_array><technique_common><accessor source="#mixamorig_Hips-Matrix-animation-input-array" count="99"><param name="TIME" type="float"/></accessor></technique_common></source><source id="mixamorig_Hips-Matrix-animation-output-transform"><float_array id="mixamorig_Hips-Matrix-animation-output-transform-array" count="1584">

0.730072 0.051194 -0.681450 0.213827 0.002440 0.996988 0.077513 83.431244 0.683366 -0.058253 0.727748 -0.455731 0.000000 0.000000 0.000000 1.000000
0.730072 0.051194 -0.681450 0.213827 0.002440 0.996988 0.077513 83.431244 0.683366 -0.058253 0.727748 -0.455731 0.000000 0.000000 0.000000 1.000000
0.732142 0.051559 -0.679198 0.227680 0.000722 0.997072 0.076468 83.405647 0.681151 -0.056476 0.729961 -0.466468 0.000000 0.000000 0.000000 1.000000
0.735128 0.052156 -0.675919 0.286408 -0.003381 0.997306 0.073278 83.331535 0.677920 -0.051583 0.733324 -0.464585 0.000000 0.000000 0.000000 1.000000
0.737196 0.052687 -0.673622 0.400374 -0.008192 0.997579 0.069060 83.231476 0.675629 -0.045393 0.735843 -0.411093 0.000000 0.000000 0.000000 1.000000
0.739794 0.052968 -0.670745 0.575802 -0.013814 0.997882 0.063566 83.106674 0.672691 -0.037761 0.738959 -0.273391 0.000000 0.000000 0.000000 1.000000
0.743042 0.052447 -0.667186 0.775137 -0.019808 0.998211 0.056409 82.982803 0.668951 -0.028698 0.742752 -0.012981 0.000000 0.000000 0.000000 1.000000
0.745951 0.050635 -0.664073 0.990403 -0.025010 0.998532 0.048044 82.875778 0.665531 -0.019230 0.746123 0.372511 0.000000 0.000000 0.000000 1.000000
0.748849 0.047637 -0.661026 1.250071 -0.029970 0.998827 0.038029 82.797546 0.662062 -0.008667 0.749399 0.913340 0.000000 0.000000 0.000000 1.000000
0.750892 0.043596 -0.658984 1.576844 -0.034459 0.999046 0.026828 82.739746 0.659525 0.002563 0.751678 1.590749 0.000000 0.000000 0.000000 1.000000
0.752044 0.039054 -0.657955 1.968067 -0.038914 0.999133 0.014826 82.694748 0.657963 0.014453 0.752911 2.389554 0.000000 0.000000 0.000000 1.000000
0.749274 0.034492 -0.661361 2.452808 -0.045044 0.998984 0.001068 82.713982 0.660726 0.028990 0.750067 3.323597 0.000000 0.000000 0.000000 1.000000
0.742358 0.030256 -0.669320 2.999327 -0.051211 0.998620 -0.011658 82.830101 0.668043 0.042931 0.742883 4.409890 0.000000 0.000000 0.000000 1.000000
0.737612 0.026616 -0.674700 3.566016 -0.058218 0.998009 -0.024276 83.023750 0.672711 0.057187 0.737693 5.593937 0.000000 0.000000 0.000000 1.000000
0.726729 0.019119 -0.686658 4.188710 -0.068092 0.996694 -0.044314 83.335068 0.683541 0.078960 0.725628 6.825680 0.000000 0.000000 0.000000 1.000000
0.713410 0.014026 -0.700606 4.830482 -0.079140 0.995016 -0.060666 83.699387 0.696263 0.098725 0.710965 8.034122 0.000000 0.000000 0.000000 1.000000
0.697108 0.012291 -0.716861 5.416147 -0.090493 0.993365 -0.070968 84.076340 0.711232 0.114343 0.693595 9.166494 0.000000 0.000000 0.000000 1.000000
0.682289 0.011894 -0.730986 5.932465 -0.103287 0.991407 -0.080275 84.437187 0.723749 0.130272 0.677655 10.181911 0.000000 0.000000 0.000000 1.000000
0.671635 0.013484 -0.740759 6.352806 -0.116257 0.989366 -0.087399 84.792046 0.731704 0.144818 0.666061 11.132202 0.000000 0.000000 0.000000 1.000000
0.660048 0.014722 -0.751079 6.688566 -0.126922 0.987620 -0.092181 85.100189 0.740424 0.156173 0.653745 11.978090 0.000000 0.000000 0.000000 1.000000
0.648646 0.016053 -0.760921 6.898225 -0.133441 0.986690 -0.092935 85.291733 0.749301 0.161820 0.642154 12.727248 0.000000 0.000000 0.000000 1.000000
0.638840 0.016248 -0.769168 6.993286 -0.138066 0.985967 -0.093844 85.319916 0.756850 0.166148 0.632118 13.350275 0.000000 0.000000 0.000000 1.000000
0.630441 0.016340 -0.776065 7.004012 -0.142016 0.985332 -0.094622 85.245293 0.763135 0.169867 0.623514 13.850584 0.000000 0.000000 0.000000 1.000000
0.620904 0.013305 -0.783773 6.995529 -0.144199 0.984732 -0.097518 85.112183 0.770509 0.173568 0.613343 14.283599 0.000000 0.000000 0.000000 1.000000
0.612285 0.011302 -0.790556 7.003263 -0.148783 0.983681 -0.101170 85.111656 0.776512 0.179566 0.603975 14.811553 0.000000 0.000000 0.000000 1.000000
0.605624 0.011384 -0.795670 7.010366 -0.153736 0.982734 -0.102956 85.204445 0.780759 0.184676 0.596917 15.376830 0.000000 0.000000 0.000000 1.000000
0.600412 0.009888 -0.799629 6.979666 -0.154588 0.982498 -0.103925 85.193314 0.784607 0.186011 0.591432 15.843622 0.000000 0.000000 0.000000 1.000000
0.598247 0.007974 -0.801272 6.878494 -0.152704 0.982760 -0.104232 85.001648 0.786627 0.184714 0.589151 16.186958 0.000000 0.000000 0.000000 1.000000
0.598104 0.011168 -0.801340 6.739588 -0.157173 0.982120 -0.103624 85.030487 0.785855 0.187927 0.589165 16.626846 0.000000 0.000000 0.000000 1.000000
0.594429 0.013297 -0.804038 6.688392 -0.161344 0.981503 -0.103051 85.084785 0.787795 0.190983 0.585580 17.121851 0.000000 0.000000 0.000000 1.000000
0.585041 0.015609 -0.810853 6.628291 -0.166606 0.980803 -0.101327 85.197884 0.793706 0.194374 0.576411 17.694918 0.000000 0.000000 0.000000 1.000000
0.572115 0.014233 -0.820050 6.683799 -0.170851 0.979984 -0.102187 85.320107 0.802181 0.198569 0.563095 18.308430 0.000000 0.000000 0.000000 1.000000
0.553348 0.010068 -0.832889 6.864863 -0.176178 0.978719 -0.105217 85.564659 0.814105 0.204959 0.543346 19.039635 0.000000 0.000000 0.000000 1.000000
0.527799 0.003446 -0.849363 7.133541 -0.182609 0.977068 -0.109510 85.864899 0.829507 0.212901 0.516324 19.742838 0.000000 0.000000 0.000000 1.000000
0.501110 -0.002434 -0.865380 7.440605 -0.187159 0.976024 -0.111122 86.171890 0.844903 0.217648 0.488640 20.257063 0.000000 0.000000 0.000000 1.000000
0.483624 -0.005158 -0.875261 7.713327 -0.191277 0.975190 -0.111437 86.524704 0.854120 0.221311 0.470639 20.605612 0.000000 0.000000 0.000000 1.000000
0.483465 -0.006945 -0.875336 7.853872 -0.191578 0.974887 -0.113547 86.723030 0.854142 0.222591 0.469993 20.737335 0.000000 0.000000 0.000000 1.000000
0.490434 -0.010321 -0.871417 7.907553 -0.186001 0.975650 -0.116237 86.661545 0.851398 0.219091 0.476573 20.682278 0.000000 0.000000 0.000000 1.000000
0.495637 -0.014541 -0.868408 7.908818 -0.176151 0.977397 -0.116902 86.358459 0.850479 0.210912 0.481873 20.529854 0.000000 0.000000 0.000000 1.000000
0.498081 -0.017552 -0.866953 7.862771 -0.167687 0.978973 -0.116159 86.053520 0.850762 0.203233 0.484665 20.446892 0.000000 0.000000 0.000000 1.000000
0.496037 -0.014723 -0.868176 7.819259 -0.170507 0.978737 -0.114019 86.125229 0.851395 0.204588 0.482980 20.632294 0.000000 0.000000 0.000000 1.000000
0.489521 -0.014532 -0.871870 7.836112 -0.173354 0.978282 -0.113637 86.224968 0.854586 0.206770 0.476371 20.831106 0.000000 0.000000 0.000000 1.000000
0.478980 -0.016792 -0.877665 7.878036 -0.177299 0.977361 -0.115459 86.373398 0.859734 0.210912 0.465159 20.953264 0.000000 0.000000 0.000000 1.000000
0.470530 -0.017418 -0.882212 7.905535 -0.183154 0.976102 -0.116957 86.602043 0.863167 0.216612 0.456095 20.970932 0.000000 0.000000 0.000000 1.000000
0.468159 -0.016099 -0.883498 7.893491 -0.188326 0.975045 -0.117559 86.838974 0.863343 0.221422 0.453444 20.862406 0.000000 0.000000 0.000000 1.000000
0.468413 -0.017650 -0.883333 7.869129 -0.189924 0.974415 -0.120183 86.988220 0.862854 0.224062 0.453077 20.624762 0.000000 0.000000 0.000000 1.000000
0.468058 -0.020312 -0.883464 7.844603 -0.190195 0.973991 -0.123158 87.109985 0.862988 0.225676 0.452021 20.324408 0.000000 0.000000 0.000000 1.000000
0.468847 -0.023356 -0.882970 7.805542 -0.189232 0.973784 -0.126239 87.223427 0.862771 0.226273 0.452136 19.935900 0.000000 0.000000 0.000000 1.000000
0.469996 -0.026697 -0.882265 7.744114 -0.186787 0.973897 -0.128974 87.276047 0.862679 0.225413 0.452741 19.454809 0.000000 0.000000 0.000000 1.000000
0.471497 -0.030329 -0.881346 7.644379 -0.183178 0.974242 -0.131521 87.282112 0.862633 0.223455 0.453797 18.944323 0.000000 0.000000 0.000000 1.000000
0.473655 -0.034178 -0.880047 7.499998 -0.178342 0.974823 -0.133845 87.242668 0.862464 0.220346 0.455635 18.384842 0.000000 0.000000 0.000000 1.000000
0.476198 -0.038153 -0.878510 7.296285 -0.171529 0.975836 -0.135357 87.200172 0.862446 0.215146 0.458147 17.753410 0.000000 0.000000 0.000000 1.000000
0.480367 -0.043636 -0.875981 7.057239 -0.164272 0.976611 -0.138731 87.173767 0.861546 0.210542 0.461964 17.048359 0.000000 0.000000 0.000000 1.000000
0.487648 -0.048634 -0.871685 6.785288 -0.157623 0.977135 -0.142697 87.161171 0.858693 0.206983 0.468832 16.276722 0.000000 0.000000 0.000000 1.000000
0.497005 -0.053033 -0.866126 6.500759 -0.150877 0.977646 -0.146438 87.106789 0.854531 0.203459 0.477893 15.437014 0.000000 0.000000 0.000000 1.000000
0.506773 -0.056653 -0.860216 6.198336 -0.144738 0.978083 -0.149684 87.029358 0.849842 0.200362 0.487466 14.560738 0.000000 0.000000 0.000000 1.000000
0.516668 -0.060989 -0.854011 5.835732 -0.136258 0.978890 -0.152342 86.886574 0.845274 0.195077 0.497451 13.566765 0.000000 0.000000 0.000000 1.000000
0.528006 -0.066373 -0.846643 5.397875 -0.124263 0.980173 -0.154338 86.696121 0.840100 0.186698 0.509289 12.470318 0.000000 0.000000 0.000000 1.000000
0.540702 -0.071462 -0.838173 4.897863 -0.110057 0.981812 -0.154705 86.430321 0.833984 0.175896 0.523003 11.261728 0.000000 0.000000 0.000000 1.000000
0.556766 -0.073980 -0.827369 4.287374 -0.094494 0.983920 -0.151567 86.090118 0.825278 0.162568 0.540822 9.896724 0.000000 0.000000 0.000000 1.000000
0.577133 -0.073786 -0.813310 3.576806 -0.078083 0.986361 -0.144895 85.718903 0.812909 0.147129 0.563500 8.497822 0.000000 0.000000 0.000000 1.000000
0.600423 -0.071125 -0.796513 2.800389 -0.063691 0.988619 -0.136291 85.379417 0.797142 0.132563 0.589060 7.145047 0.000000 0.000000 0.000000 1.000000
0.622338 -0.068375 -0.779756 2.022004 -0.051724 0.990408 -0.128129 85.095840 0.781038 0.120072 0.612832 5.841001 0.000000 0.000000 0.000000 1.000000
0.635771 -0.068215 -0.768857 1.331024 -0.039630 0.991889 -0.120773 84.883972 0.770860 0.107254 0.627911 4.616737 0.000000 0.000000 0.000000 1.000000
0.641574 -0.068520 -0.763995 0.722863 -0.027802 0.993271 -0.112430 84.811394 0.766557 0.093373 0.635352 3.560158 0.000000 0.000000 0.000000 1.000000
0.643850 -0.068671 -0.762064 0.187451 -0.016946 0.994440 -0.103928 84.850533 0.764964 0.079828 0.639106 2.635283 0.000000 0.000000 0.000000 1.000000
0.645320 -0.067671 -0.760909 -0.312943 -0.005063 0.995668 -0.092843 84.999405 0.763895 0.063767 0.642182 1.897124 0.000000 0.000000 0.000000 1.000000
0.647923 -0.068266 -0.758641 -0.767635 0.006318 0.996423 -0.084267 85.173912 0.761680 0.049806 0.646036 1.297529 0.000000 0.000000 0.000000 1.000000
0.649766 -0.066983 -0.757177 -1.169922 0.016500 0.997118 -0.074050 85.327309 0.759955 0.035621 0.648999 0.823993 0.000000 0.000000 0.000000 1.000000
0.654815 -0.064839 -0.753003 -1.526839 0.026491 0.997670 -0.062870 85.435677 0.755325 0.021220 0.655007 0.473036 0.000000 0.000000 0.000000 1.000000
0.658827 -0.064198 -0.749551 -1.803302 0.035269 0.997892 -0.054467 85.513687 0.751468 0.009448 0.659702 0.248566 0.000000 0.000000 0.000000 1.000000
0.664014 -0.062795 -0.745079 -2.041698 0.042283 0.998026 -0.046431 85.536873 0.746524 -0.000673 0.665358 0.092458 0.000000 0.000000 0.000000 1.000000
0.669823 -0.059610 -0.740124 -2.233304 0.046809 0.998180 -0.038031 85.514938 0.741044 -0.009171 0.671394 0.012756 0.000000 0.000000 0.000000 1.000000
0.673845 -0.056704 -0.736694 -2.341250 0.049818 0.998269 -0.031270 85.456413 0.737192 -0.015630 0.675503 0.000104 0.000000 0.000000 0.000000 1.000000
0.676774 -0.052923 -0.734286 -2.368382 0.050084 0.998412 -0.025798 85.364838 0.734485 -0.019316 0.678350 0.042463 0.000000 0.000000 0.000000 1.000000
0.679793 -0.048709 -0.731785 -2.381552 0.049833 0.998554 -0.020174 85.221039 0.731709 -0.022753 0.681237 0.122302 0.000000 0.000000 0.000000 1.000000
0.682903 -0.044000 -0.729183 -2.438629 0.048940 0.998698 -0.014429 84.991852 0.728868 -0.025832 0.684167 0.219867 0.000000 0.000000 0.000000 1.000000
0.686067 -0.038895 -0.726498 -2.484751 0.047522 0.998833 -0.008598 84.620987 0.725985 -0.028626 0.687115 0.343776 0.000000 0.000000 0.000000 1.000000
0.689246 -0.033539 -0.723751 -2.510027 0.045758 0.998949 -0.002715 84.130112 0.723081 -0.031246 0.690056 0.501388 0.000000 0.000000 0.000000 1.000000
0.692412 -0.028052 -0.720957 -2.453466 0.043792 0.999036 0.003187 83.615730 0.720172 -0.033779 0.692973 0.654624 0.000000 0.000000 0.000000 1.000000
0.695559 -0.022445 -0.718119 -2.342967 0.041609 0.999093 0.009075 83.238327 0.717263 -0.036193 0.695861 0.799463 0.000000 0.000000 0.000000 1.000000
0.698643 -0.016728 -0.715274 -2.218514 0.039491 0.999104 0.015208 82.892410 0.714379 -0.038872 0.698678 0.897688 0.000000 0.000000 0.000000 1.000000
0.701682 -0.011040 -0.712405 -2.043439 0.037068 0.999092 0.021027 82.685898 0.711525 -0.041161 0.701454 0.943911 0.000000 0.000000 0.000000 1.000000
0.704671 -0.005289 -0.709515 -1.855521 0.034417 0.999050 0.026735 82.715439 0.708699 -0.043259 0.704183 1.037347 0.000000 0.000000 0.000000 1.000000
0.707575 0.000423 -0.706638 -1.697763 0.031660 0.998977 0.032299 82.942635 0.705928 -0.045226 0.706838 1.014400 0.000000 0.000000 0.000000 1.000000
0.710375 0.006060 -0.703797 -1.434715 0.028817 0.998874 0.037686 83.287987 0.703233 -0.047053 0.709401 0.994908 0.000000 0.000000 0.000000 1.000000
0.713050 0.011626 -0.701017 -1.177094 0.025856 0.998746 0.042864 83.588333 0.700636 -0.048690 0.711856 0.938470 0.000000 0.000000 0.000000 1.000000
0.715585 0.017144 -0.698315 -0.994718 0.022721 0.998598 0.047800 83.701988 0.698156 -0.050071 0.714193 0.872861 0.000000 0.000000 0.000000 1.000000
0.717935 0.022372 -0.695750 -0.836889 0.019729 0.998428 0.052463 83.747543 0.695830 -0.051391 0.716365 0.862297 0.000000 0.000000 0.000000 1.000000
0.720107 0.027290 -0.693326 -0.664808 0.016878 0.998242 0.056822 83.760437 0.693657 -0.052620 0.718380 0.792851 0.000000 0.000000 0.000000 1.000000
0.722093 0.031858 -0.691062 -0.518428 0.014201 0.998046 0.060849 83.763870 0.691650 -0.053752 0.720230 0.659219 0.000000 0.000000 0.000000 1.000000
0.723882 0.036035 -0.688982 -0.384652 0.011729 0.997848 0.064512 83.750267 0.689824 -0.054780 0.721901 0.550332 0.000000 0.000000 0.000000 1.000000
0.725463 0.039776 -0.687111 -0.224905 0.009499 0.997655 0.067783 83.725166 0.688196 -0.055701 0.723383 0.364362 0.000000 0.000000 0.000000 1.000000
0.726821 0.043057 -0.685476 -0.077456 0.007524 0.997474 0.070631 83.689087 0.686786 -0.056494 0.724661 0.137416 0.000000 0.000000 0.000000 1.000000
0.727953 0.045832 -0.684094 0.026355 0.005838 0.997313 0.073029 83.644379 0.685602 -0.057155 0.725729 -0.033427 0.000000 0.000000 0.000000 1.000000
0.728855 0.048065 -0.682979 0.091530 0.004468 0.997178 0.074945 83.594437 0.684653 -0.057676 0.726583 -0.185825 0.000000 0.000000 0.000000 1.000000
0.729525 0.049785 -0.682139 0.138139 0.003349 0.997075 0.076352 83.542343 0.683945 -0.057985 0.727225 -0.292569 0.000000 0.000000 0.000000 1.000000
0.729938 0.050861 -0.681619 0.177412 0.002636 0.997011 0.077217 83.487587 0.683509 -0.058161 0.727622 -0.379076 0.000000 0.000000 0.000000 1.000000
0.730072 0.051180 -0.681451 0.213736 0.002440 0.996990 0.077492 83.431244 0.683366 -0.058237 0.727750 -0.455505 0.000000 0.000000 0.000000 1.000000</float_array><technique_common><accessor source="#mixamorig_Hips-Matrix-animation-output-transform-array" count="99" stride="16"><param type="float4x4"/></accessor></technique_common></source><source id="mixamorig_Hips-Interpolations"><Name_array id="mixamorig_Hips-Interpolations-array" count="99">
 LINEAR LINEAR LINEAR LINEAR LINEAR LINEAR LINEAR LINEAR LINEAR LINEAR LINEAR
LINEAR LINEAR LINEAR LINEAR LINEAR LINEAR LINEAR LINEAR LINEAR LINEAR LINEAR LINEAR
LINEAR LINEAR LINEAR LINEAR LINEAR LINEAR LINEAR LINEAR LINEAR LINEAR LINEAR LINEAR
LINEAR LINEAR LINEAR LINEAR LINEAR LINEAR LINEAR LINEAR LINEAR LINEAR LINEAR LINEAR
LINEAR LINEAR LINEAR LINEAR LINEAR LINEAR LINEAR LINEAR LINEAR LINEAR LINEAR LINEAR
LINEAR LINEAR LINEAR LINEAR LINEAR LINEAR LINEAR LINEAR LINEAR LINEAR LINEAR LINEAR
LINEAR LINEAR LINEAR LINEAR LINEAR LINEAR LINEAR LINEAR LINEAR LINEAR LINEAR LINEAR
LINEAR LINEAR LINEAR LINEAR LINEAR LINEAR LINEAR LINEAR LINEAR LINEAR LINEAR LINEAR
LINEAR LINEAR LINEAR LINEAR</Name_array><technique_common><accessor source="#mixamorig_Hips-Interpolations-array" count="99"><param type="name"/></accessor></technique_common></source><sampler id="mixamorig_Hips-Matrix-animation-transform"><input semantic="INPUT" source="#mixamorig_Hips-Matrix-animation-input"/><input semantic="OUTPUT" source="#mixamorig_Hips-Matrix-animation-output-transform"/><input semantic="INTERPOLATION" source="#mixamorig_Hips-Interpolations"/></sampler><channel source="#mixamorig_Hips-Matrix-animation-transform" target="mixamorig_Hips/matrix"/></animation>
    <animation id="mixamorig_Spine-anim" name="mixamorig_Spine"><source id="mixamorig_Spine-Matrix-animation-input"><float_array id="mixamorig_Spine-Matrix-animation-input-array" count="99">

0.000000 0.033333 0.066667 0.100000 0.133333 0.166667 0.200000 0.233333 0.266667 0.300000 0.333333 0.366667 0.400000 0.433333 0.466667 0.500000
0.533333 0.566667 0.600000 0.633333 0.666667 0.700000 0.733333 0.766667 0.800000 0.833333 0.866667 0.900000 0.933333 0.966667 1.000000 1.033333
1.066667 1.100000 1.133333 1.166667 1.200000 1.233333 1.266667 1.300000 1.333333 1.366667 1.400000 1.433333 1.466667 1.500000 1.533333 1.566667
1.600000 1.633333 1.666667 1.700000 1.733333 1.766667 1.800000 1.833333 1.866667 1.900000 1.933333 1.966667 2.000000 2.033333 2.066667 2.100000
2.133333 2.166667 2.200000 2.233333 2.266667 2.300000 2.333333 2.366667 2.400000 2.433333 2.466667 2.500000 2.533333 2.566667 2.600000 2.633333
2.666667 2.700000 2.733333 2.766667 2.800000 2.833333 2.866667 2.900000 2.933333 2.966667 3.000000 3.033333 3.066667 3.100000 3.133333 3.166667
3.200000 3.233333 3.266667</float_array><technique_common><accessor source="#mixamorig_Spine-Matrix-animation-input-array" count="99"><param name="TIME" type="float"/></accessor></technique_common></source><source id="mixamorig_Spine-Matrix-animation-output-transform"><float_array id="mixamorig_Spine-Matrix-animation-output-transform-array" count="1584">

0.996591 0.021711 0.079591 0.005100 -0.013580 0.994762 -0.101312 8.712000 -0.081374 0.099886 0.991666 -0.691000 0.000000 0.000000 0.000000 1.000000
0.996591 0.021711 0.079591 0.005100 -0.013580 0.994762 -0.101312 8.712000 -0.081374 0.099886 0.991666 -0.691000 0.000000 0.000000 0.000000 1.000000
0.996619 0.021381 0.079327 0.005100 -0.013268 0.994755 -0.101424 8.712000 -0.081079 0.100029 0.991676 -0.691000 0.000000 0.000000 0.000000 1.000000
0.996688 0.020737 0.078632 0.005100 -0.012676 0.994738 -0.101666 8.712000 -0.080327 0.100333 0.991706 -0.691000 0.000000 0.000000 0.000000 1.000000
0.996741 0.019993 0.078153 0.005100 -0.011939 0.994694 -0.102185 8.712000 -0.079781 0.100919 0.991691 -0.691000 0.000000 0.000000 0.000000 1.000000
0.996730 0.019250 0.078472 0.005100 -0.011111 0.994634 -0.102860 8.712000 -0.080031 0.101651 0.991596 -0.691000 0.000000 0.000000 0.000000 1.000000
0.996696 0.018753 0.079024 0.005100 -0.010498 0.994562 -0.103620 8.712000 -0.080538 0.102448 0.991473 -0.691000 0.000000 0.000000 0.000000 1.000000
0.996706 0.018882 0.078872 0.005100 -0.010575 0.994476 -0.104431 8.712000 -0.080408 0.103253 0.991400 -0.691000 0.000000 0.000000 0.000000 1.000000
0.996696 0.019501 0.078841 0.005100 -0.011112 0.994360 -0.105476 8.712000 -0.080453 0.104251 0.991292 -0.691000 0.000000 0.000000 0.000000 1.000000
0.996673 0.020453 0.078898 0.005100 -0.011958 0.994222 -0.106672 8.712000 -0.080623 0.105374 0.991159 -0.691000 0.000000 0.000000 0.000000 1.000000
0.996635 0.021833 0.079008 0.005100 -0.013228 0.994079 -0.107848 8.712000 -0.080894 0.106440 0.991023 -0.691000 0.000000 0.000000 0.000000 1.000000
0.996540 0.023420 0.079744 0.005100 -0.014629 0.993924 -0.109095 8.712000 -0.081814 0.107551 0.990828 -0.691000 0.000000 0.000000 0.000000 1.000000
0.996460 0.025856 0.079994 0.005100 -0.016887 0.993696 -0.110827 8.712000 -0.082355 0.109084 0.990615 -0.691000 0.000000 0.000000 0.000000 1.000000
0.996494 0.028162 0.078786 0.005100 -0.019198 0.993488 -0.112305 8.712000 -0.081436 0.110398 0.990546 -0.691000 0.000000 0.000000 0.000000 1.000000
0.996469 0.030989 0.078033 0.005100 -0.022137 0.993478 -0.111858 8.712000 -0.080990 0.109736 0.990656 -0.691000 0.000000 0.000000 0.000000 1.000000
0.996481 0.033190 0.076971 0.005100 -0.024414 0.993376 -0.112285 8.712000 -0.080188 0.110011 0.990690 -0.691000 0.000000 0.000000 0.000000 1.000000
0.996574 0.034827 0.075013 0.005100 -0.026164 0.993191 -0.113521 8.712000 -0.078456 0.111169 0.990700 -0.691000 0.000000 0.000000 0.000000 1.000000
0.996772 0.035620 0.071946 0.005100 -0.027233 0.993066 -0.114361 8.712000 -0.075521 0.112032 0.990831 -0.691000 0.000000 0.000000 0.000000 1.000000
0.996956 0.035328 0.069505 0.005100 -0.027155 0.992972 -0.115195 8.712000 -0.073087 0.112957 0.990908 -0.691000 0.000000 0.000000 0.000000 1.000000
0.997022 0.035668 0.068375 0.005100 -0.027580 0.992891 -0.115785 8.712000 -0.072019 0.113555 0.990918 -0.691000 0.000000 0.000000 0.000000 1.000000
0.996992 0.038618 0.067203 0.005100 -0.030571 0.992673 -0.116903 8.712000 -0.071225 0.114497 0.990867 -0.691000 0.000000 0.000000 0.000000 1.000000
0.996922 0.042594 0.065819 0.005100 -0.034653 0.992478 -0.117413 8.712000 -0.070325 0.114770 0.990900 -0.691000 0.000000 0.000000 0.000000 1.000000
0.996832 0.046342 0.064634 0.005100 -0.038489 0.992284 -0.117863 8.712000 -0.069597 0.115002 0.990924 -0.691000 0.000000 0.000000 0.000000 1.000000
0.996689 0.049973 0.064133 0.005100 -0.042142 0.992105 -0.118121 8.712000 -0.069529 0.115027 0.990926 -0.691000 0.000000 0.000000 0.000000 1.000000
0.996674 0.050347 0.064078 0.005100 -0.042545 0.992128 -0.117780 8.712000 -0.069504 0.114662 0.990970 -0.691000 0.000000 0.000000 0.000000 1.000000
0.996761 0.048353 0.064269 0.005100 -0.040557 0.992244 -0.117504 8.712000 -0.069452 0.114517 0.990991 -0.691000 0.000000 0.000000 0.000000 1.000000
0.996811 0.047329 0.064253 0.005100 -0.039552 0.992304 -0.117336 8.712000 -0.069312 0.114421 0.991011 -0.691000 0.000000 0.000000 0.000000 1.000000
0.996877 0.047173 0.063329 0.005100 -0.039531 0.992354 -0.116923 8.712000 -0.068360 0.114054 0.991120 -0.691000 0.000000 0.000000 0.000000 1.000000
0.997011 0.043824 0.063630 0.005100 -0.036191 0.992529 -0.116516 8.712000 -0.068261 0.113865 0.991148 -0.691000 0.000000 0.000000 0.000000 1.000000
0.997091 0.039205 0.065364 0.005100 -0.031411 0.992721 -0.116271 8.712000 -0.069446 0.113880 0.991064 -0.691000 0.000000 0.000000 0.000000 1.000000
0.997070 0.036322 0.067322 0.005100 -0.028359 0.992882 -0.115677 8.712000 -0.071045 0.113429 0.991003 -0.691000 0.000000 0.000000 0.000000 1.000000
0.996978 0.035098 0.069307 0.005100 -0.027006 0.993065 -0.114419 8.712000 -0.072843 0.112201 0.991012 -0.691000 0.000000 0.000000 0.000000 1.000000
0.996889 0.034557 0.070834 0.005100 -0.026433 0.993290 -0.112586 8.712000 -0.074249 0.110364 0.991114 -0.691000 0.000000 0.000000 0.000000 1.000000
0.996753 0.034848 0.072592 0.005100 -0.026664 0.993485 -0.110801 8.712000 -0.075980 0.108506 0.991188 -0.691000 0.000000 0.000000 0.000000 1.000000
0.996585 0.036298 0.074162 0.005100 -0.027947 0.993461 -0.110701 8.712000 -0.077695 0.108251 0.991083 -0.691000 0.000000 0.000000 0.000000 1.000000
0.996632 0.037076 0.073150 0.005100 -0.028767 0.993343 -0.111541 8.712000 -0.076798 0.109061 0.991064 -0.691000 0.000000 0.000000 0.000000 1.000000
0.996905 0.038523 0.068525 0.005100 -0.030668 0.993213 -0.112198 8.712000 -0.072383 0.109749 0.991320 -0.691000 0.000000 0.000000 0.000000 1.000000
0.997099 0.041833 0.063591 0.005100 -0.034463 0.993012 -0.112870 8.712000 -0.067868 0.110351 0.991573 -0.691000 0.000000 0.000000 0.000000 1.000000
0.997115 0.047510 0.059197 0.005100 -0.040534 0.992662 -0.113926 8.712000 -0.064176 0.111198 0.991724 -0.691000 0.000000 0.000000 0.000000 1.000000
0.996920 0.052664 0.058109 0.005100 -0.045741 0.992355 -0.114629 8.712000 -0.063701 0.111618 0.991707 -0.691000 0.000000 0.000000 0.000000 1.000000
0.996869 0.051266 0.060199 0.005100 -0.044080 0.992369 -0.115158 8.712000 -0.065644 0.112144 0.991521 -0.691000 0.000000 0.000000 0.000000 1.000000
0.996821 0.049345 0.062561 0.005100 -0.041913 0.992481 -0.114999 8.712000 -0.067765 0.112011 0.991394 -0.691000 0.000000 0.000000 0.000000 1.000000
0.996797 0.047859 0.064078 0.005100 -0.040330 0.992660 -0.114020 8.712000 -0.069065 0.111070 0.991410 -0.691000 0.000000 0.000000 0.000000 1.000000
0.996826 0.045688 0.065199 0.005100 -0.038102 0.992843 -0.113185 8.712000 -0.069903 0.110342 0.991432 -0.691000 0.000000 0.000000 0.000000 1.000000
0.996933 0.043632 0.064969 0.005100 -0.036104 0.992956 -0.112845 8.712000 -0.069435 0.110154 0.991486 -0.691000 0.000000 0.000000 0.000000 1.000000
0.997021 0.042826 0.064143 0.005100 -0.035432 0.993044 -0.112287 8.712000 -0.068506 0.109680 0.991603 -0.691000 0.000000 0.000000 0.000000 1.000000
0.997094 0.042468 0.063245 0.005100 -0.035208 0.993110 -0.111772 8.712000 -0.067556 0.109220 0.991719 -0.691000 0.000000 0.000000 0.000000 1.000000
0.997120 0.042336 0.062926 0.005100 -0.035129 0.993141 -0.111525 8.712000 -0.067216 0.108993 0.991767 -0.691000 0.000000 0.000000 0.000000 1.000000
0.997078 0.042890 0.063215 0.005100 -0.035645 0.993116 -0.111578 8.712000 -0.067566 0.108998 0.991743 -0.691000 0.000000 0.000000 0.000000 1.000000
0.997010 0.043456 0.063888 0.005100 -0.036142 0.993109 -0.111485 8.712000 -0.068293 0.108843 0.991710 -0.691000 0.000000 0.000000 0.000000 1.000000
0.996930 0.044165 0.064656 0.005100 -0.036778 0.993108 -0.111285 8.712000 -0.069125 0.108566 0.991683 -0.691000 0.000000 0.000000 0.000000 1.000000
0.996805 0.045724 0.065484 0.005100 -0.038241 0.993054 -0.111276 8.712000 -0.070117 0.108416 0.991630 -0.691000 0.000000 0.000000 0.000000 1.000000
0.996706 0.047186 0.065956 0.005100 -0.039674 0.993041 -0.110884 8.712000 -0.070729 0.107902 0.991642 -0.691000 0.000000 0.000000 0.000000 1.000000
0.996695 0.047577 0.065838 0.005100 -0.040107 0.993072 -0.110455 8.712000 -0.070637 0.107449 0.991698 -0.691000 0.000000 0.000000 0.000000 1.000000
0.996732 0.047265 0.065508 0.005100 -0.039840 0.993094 -0.110349 8.712000 -0.070271 0.107379 0.991732 -0.691000 0.000000 0.000000 0.000000 1.000000
0.996762 0.046066 0.065910 0.005100 -0.038612 0.993158 -0.110207 8.712000 -0.070536 0.107306 0.991721 -0.691000 0.000000 0.000000 0.000000 1.000000
0.996776 0.045213 0.066279 0.005100 -0.037731 0.993205 -0.110094 8.712000 -0.070806 0.107239 0.991709 -0.691000 0.000000 0.000000 0.000000 1.000000
0.996763 0.045010 0.066611 0.005100 -0.037497 0.993221 -0.110028 8.712000 -0.071112 0.107174 0.991694 -0.691000 0.000000 0.000000 0.000000 1.000000
0.996783 0.045231 0.066172 0.005100 -0.037754 0.993194 -0.110183 8.712000 -0.070705 0.107330 0.991706 -0.691000 0.000000 0.000000 0.000000 1.000000
0.996887 0.044608 0.065015 0.005100 -0.037220 0.993154 -0.110725 8.712000 -0.069509 0.107961 0.991722 -0.691000 0.000000 0.000000 0.000000 1.000000
0.997039 0.042815 0.063880 0.005100 -0.035502 0.993128 -0.111523 8.712000 -0.068216 0.108925 0.991707 -0.691000 0.000000 0.000000 0.000000 1.000000
0.997233 0.039673 0.062871 0.005100 -0.032467 0.993205 -0.111759 8.712000 -0.066878 0.109408 0.991745 -0.691000 0.000000 0.000000 0.000000 1.000000
0.997406 0.035705 0.062502 0.005100 -0.028603 0.993403 -0.111050 8.712000 -0.066055 0.108975 0.991847 -0.691000 0.000000 0.000000 0.000000 1.000000
0.997461 0.033094 0.063058 0.005100 -0.026021 0.993606 -0.109859 8.712000 -0.066291 0.107939 0.991945 -0.691000 0.000000 0.000000 0.000000 1.000000
0.997427 0.031477 0.064411 0.005100 -0.024332 0.993760 -0.108853 8.712000 -0.067436 0.107005 0.991969 -0.691000 0.000000 0.000000 0.000000 1.000000
0.997344 0.030218 0.066275 0.005100 -0.022949 0.993906 -0.107815 8.712000 -0.069129 0.106008 0.991959 -0.691000 0.000000 0.000000 0.000000 1.000000
0.997271 0.029793 0.067553 0.005100 -0.022411 0.993951 -0.107516 8.712000 -0.070348 0.105709 0.991906 -0.691000 0.000000 0.000000 0.000000 1.000000
0.997206 0.029888 0.068463 0.005100 -0.022467 0.994037 -0.106703 8.712000 -0.071244 0.104867 0.991931 -0.691000 0.000000 0.000000 0.000000 1.000000
0.997124 0.029896 0.069646 0.005100 -0.022388 0.994094 -0.106188 8.712000 -0.072409 0.104323 0.991904 -0.691000 0.000000 0.000000 0.000000 1.000000
0.997108 0.029519 0.070027 0.005100 -0.021996 0.994136 -0.105872 8.712000 -0.072742 0.104026 0.991911 -0.691000 0.000000 0.000000 0.000000 1.000000
0.997071 0.029284 0.070652 0.005100 -0.021749 0.994218 -0.105157 8.712000 -0.073323 0.103312 0.991943 -0.691000 0.000000 0.000000 0.000000 1.000000
0.997053 0.029012 0.071014 0.005100 -0.021503 0.994312 -0.104310 8.712000 -0.073636 0.102476 0.992006 -0.691000 0.000000 0.000000 0.000000 1.000000
0.997048 0.028491 0.071306 0.005100 -0.021005 0.994395 -0.103617 8.712000 -0.073858 0.101814 0.992058 -0.691000 0.000000 0.000000 0.000000 1.000000
0.997006 0.028028 0.072064 0.005100 -0.020517 0.994478 -0.102924 8.712000 -0.074551 0.101137 0.992075 -0.691000 0.000000 0.000000 0.000000 1.000000
0.996950 0.026917 0.073253 0.005100 -0.019356 0.994592 -0.102039 8.712000 -0.075604 0.100310 0.992080 -0.691000 0.000000 0.000000 0.000000 1.000000
0.996894 0.026052 0.074318 0.005100 -0.018440 0.994683 -0.101321 8.712000 -0.076562 0.099636 0.992074 -0.691000 0.000000 0.000000 0.000000 1.000000
0.996838 0.025636 0.075207 0.005100 -0.018026 0.994806 -0.100183 8.712000 -0.077385 0.098511 0.992123 -0.691000 0.000000 0.000000 0.000000 1.000000
0.996789 0.025250 0.075983 0.005100 -0.017685 0.994967 -0.098634 8.712000 -0.078091 0.096973 0.992219 -0.691000 0.000000 0.000000 0.000000 1.000000
0.996747 0.024881 0.076655 0.005100 -0.017389 0.995142 -0.096902 8.712000 -0.078693 0.095254 0.992338 -0.691000 0.000000 0.000000 0.000000 1.000000
0.996715 0.024374 0.077239 0.005100 -0.016937 0.995283 -0.095522 8.712000 -0.079203 0.093900 0.992426 -0.691000 0.000000 0.000000 0.000000 1.000000
0.996687 0.024110 0.077674 0.005100 -0.016711 0.995381 -0.094539 8.712000 -0.079595 0.092928 0.992486 -0.691000 0.000000 0.000000 0.000000 1.000000
0.996652 0.024591 0.077969 0.005100 -0.017224 0.995442 -0.093796 8.712000 -0.079920 0.092139 0.992534 -0.691000 0.000000 0.000000 0.000000 1.000000
0.996626 0.024807 0.078241 0.005100 -0.017421 0.995447 -0.093711 8.712000 -0.080209 0.092032 0.992520 -0.691000 0.000000 0.000000 0.000000 1.000000
0.996611 0.024717 0.078453 0.005100 -0.017322 0.995461 -0.093581 8.712000 -0.080410 0.091905 0.992516 -0.691000 0.000000 0.000000 0.000000 1.000000
0.996591 0.025327 0.078511 0.005100 -0.017854 0.995367 -0.094473 8.712000 -0.080540 0.092749 0.992427 -0.691000 0.000000 0.000000 0.000000 1.000000
0.996594 0.024666 0.078690 0.005100 -0.017030 0.995209 -0.096275 8.712000 -0.080687 0.094607 0.992239 -0.691000 0.000000 0.000000 0.000000 1.000000
0.996600 0.023845 0.078866 0.005100 -0.016051 0.995055 -0.098015 8.712000 -0.080813 0.096416 0.992055 -0.691000 0.000000 0.000000 0.000000 1.000000
0.996600 0.023606 0.078939 0.005100 -0.015760 0.995005 -0.098573 8.712000 -0.080872 0.096993 0.991994 -0.691000 0.000000 0.000000 0.000000 1.000000
0.996599 0.023258 0.079059 0.005100 -0.015441 0.995058 -0.098086 8.712000 -0.080950 0.096531 0.992033 -0.691000 0.000000 0.000000 0.000000 1.000000
0.996594 0.023148 0.079153 0.005100 -0.015386 0.995136 -0.097304 8.712000 -0.081021 0.095754 0.992102 -0.691000 0.000000 0.000000 0.000000 1.000000
0.996584 0.023505 0.079171 0.005100 -0.015764 0.995157 -0.097027 8.712000 -0.081068 0.095448 0.992128 -0.691000 0.000000 0.000000 0.000000 1.000000
0.996579 0.023547 0.079217 0.005100 -0.015794 0.995148 -0.097112 8.712000 -0.081119 0.095528 0.992116 -0.691000 0.000000 0.000000 0.000000 1.000000
0.996579 0.023293 0.079294 0.005100 -0.015442 0.995045 -0.098224 8.712000 -0.081189 0.096664 0.992000 -0.691000 0.000000 0.000000 0.000000 1.000000
0.996582 0.022808 0.079401 0.005100 -0.014833 0.994915 -0.099620 8.712000 -0.081270 0.098102 0.991852 -0.691000 0.000000 0.000000 0.000000 1.000000
0.996585 0.022257 0.079512 0.005100 -0.014190 0.994825 -0.100607 8.712000 -0.081340 0.099135 0.991744 -0.691000 0.000000 0.000000 0.000000 1.000000
0.996586 0.021985 0.079574 0.005100 -0.013862 0.994766 -0.101231 8.712000 -0.081383 0.099782 0.991675 -0.691000 0.000000 0.000000 0.000000 1.000000
0.996590 0.021713 0.079605 0.005100 -0.013580 0.994761 -0.101325 8.712000 -0.081388 0.099899 0.991663 -0.691000 0.000000 0.000000 0.000000 1.000000
0.996592 0.021498 0.079641 0.005100 -0.013375 0.994780 -0.101163 8.712000 -0.081401 0.099753 0.991677 -0.691000 0.000000 0.000000 0.000000 1.000000
0.996592 0.021450 0.079651 0.005100 -0.013315 0.994768 -0.101290 8.712000 -0.081407 0.099885 0.991663 -0.691000 0.000000 0.000000 0.000000 1.000000</float_array><technique_common><accessor source="#mixamorig_Spine-Matrix-animation-output-transform-array" count="99" stride="16"><param type="float4x4"/></accessor></technique_common></source><source id="mixamorig_Spine-Interpolations"><Name_array id="mixamorig_Spine-Interpolations-array" count="99">
 LINEAR LINEAR LINEAR LINEAR LINEAR LINEAR LINEAR LINEAR LINEAR LINEAR LINEAR
LINEAR LINEAR LINEAR LINEAR LINEAR LINEAR LINEAR LINEAR LINEAR LINEAR LINEAR LINEAR
LINEAR LINEAR LINEAR LINEAR LINEAR LINEAR LINEAR LINEAR LINEAR LINEAR LINEAR LINEAR
LINEAR LINEAR LINEAR LINEAR LINEAR LINEAR LINEAR LINEAR LINEAR LINEAR LINEAR LINEAR
LINEAR LINEAR LINEAR LINEAR LINEAR LINEAR LINEAR LINEAR LINEAR LINEAR LINEAR LINEAR
LINEAR LINEAR LINEAR LINEAR LINEAR LINEAR LINEAR LINEAR LINEAR LINEAR LINEAR LINEAR
LINEAR LINEAR LINEAR LINEAR LINEAR LINEAR LINEAR LINEAR LINEAR LINEAR LINEAR LINEAR
LINEAR LINEAR LINEAR LINEAR LINEAR LINEAR LINEAR LINEAR LINEAR LINEAR LINEAR LINEAR
LINEAR LINEAR LINEAR LINEAR</Name_array><technique_common><accessor source="#mixamorig_Spine-Interpolations-array" count="99"><param type="name"/></accessor></technique_common></source><sampler id="mixamorig_Spine-Matrix-animation-transform"><input semantic="INPUT" source="#mixamorig_Spine-Matrix-animation-input"/><input semantic="OUTPUT" source="#mixamorig_Spine-Matrix-animation-output-transform"/><input semantic="INTERPOLATION" source="#mixamorig_Spine-Interpolations"/></sampler><channel source="#mixamorig_Spine-Matrix-animation-transform" target="mixamorig_Spine/matrix"/></animation>
    <animation id="mixamorig_Spine1-anim" name="mixamorig_Spine1"><source id="mixamorig_Spine1-Matrix-animation-input"><float_array id="mixamorig_Spine1-Matrix-animation-input-array" count="99">

0.000000 0.033333 0.066667 0.100000 0.133333 0.166667 0.200000 0.233333 0.266667 0.300000 0.333333 0.366667 0.400000 0.433333 0.466667 0.500000
0.533333 0.566667 0.600000 0.633333 0.666667 0.700000 0.733333 0.766667 0.800000 0.833333 0.866667 0.900000 0.933333 0.966667 1.000000 1.033333
1.066667 1.100000 1.133333 1.166667 1.200000 1.233333 1.266667 1.300000 1.333333 1.366667 1.400000 1.433333 1.466667 1.500000 1.533333 1.566667
1.600000 1.633333 1.666667 1.700000 1.733333 1.766667 1.800000 1.833333 1.866667 1.900000 1.933333 1.966667 2.000000 2.033333 2.066667 2.100000
2.133333 2.166667 2.200000 2.233333 2.266667 2.300000 2.333333 2.366667 2.400000 2.433333 2.466667 2.500000 2.533333 2.566667 2.600000 2.633333
2.666667 2.700000 2.733333 2.766667 2.800000 2.833333 2.866667 2.900000 2.933333 2.966667 3.000000 3.033333 3.066667 3.100000 3.133333 3.166667
3.200000 3.233333 3.266667</float_array><technique_common><accessor source="#mixamorig_Spine1-Matrix-animation-input-array" count="99"><param name="TIME" type="float"/></accessor></technique_common></source><source id="mixamorig_Spine1-Matrix-animation-output-transform"><float_array id="mixamorig_Spine1-Matrix-animation-output-transform-array" count="1584">

0.986151 0.053517 0.156981 -0.009200 -0.020882 0.979041 -0.202591 8.660300 -0.164532 0.196507 0.966599 -1.275000 0.000000 0.000000 0.000000 1.000000
0.986151 0.053517 0.156981 -0.009200 -0.020882 0.979041 -0.202591 8.660300 -0.164532 0.196507 0.966599 -1.275000 0.000000 0.000000 0.000000 1.000000
0.986253 0.053069 0.156486 -0.009200 -0.020499 0.979003 -0.202811 8.660300 -0.163963 0.196815 0.966633 -1.275000 0.000000 0.000000 0.000000 1.000000
0.986509 0.052257 0.155140 -0.009200 -0.019884 0.978916 -0.203295 8.660300 -0.162493 0.197468 0.966749 -1.275000 0.000000 0.000000 0.000000 1.000000
0.986708 0.051309 0.154193 -0.009200 -0.018965 0.978721 -0.204316 8.660300 -0.161396 0.198676 0.966685 -1.275000 0.000000 0.000000 0.000000 1.000000
0.986652 0.050551 0.154799 -0.009200 -0.017865 0.978462 -0.205654 8.660300 -0.161861 0.200144 0.966304 -1.275000 0.000000 0.000000 0.000000 1.000000
0.986500 0.050397 0.155816 -0.009200 -0.017246 0.978149 -0.207190 8.660300 -0.162853 0.201706 0.965813 -1.275000 0.000000 0.000000 0.000000 1.000000
0.986519 0.051512 0.155329 -0.009200 -0.018166 0.977771 -0.208885 8.660300 -0.162636 0.203247 0.965526 -1.275000 0.000000 0.000000 0.000000 1.000000
0.986457 0.053725 0.154973 -0.009200 -0.020062 0.977262 -0.211085 8.660300 -0.162790 0.205118 0.965104 -1.275000 0.000000 0.000000 0.000000 1.000000
0.986338 0.056599 0.154706 -0.009200 -0.022540 0.976660 -0.213606 8.660300 -0.163185 0.207200 0.964593 -1.275000 0.000000 0.000000 0.000000 1.000000
0.986159 0.060310 0.154442 -0.009200 -0.025844 0.976026 -0.216116 8.660300 -0.163773 0.209133 0.964076 -1.275000 0.000000 0.000000 0.000000 1.000000
0.985759 0.064607 0.155259 -0.009200 -0.029461 0.975324 -0.218803 8.660300 -0.165564 0.211113 0.963338 -1.275000 0.000000 0.000000 0.000000 1.000000
0.985416 0.070294 0.154967 -0.009200 -0.034519 0.974330 -0.222465 8.660300 -0.166627 0.213871 0.962546 -1.275000 0.000000 0.000000 0.000000 1.000000
0.985529 0.075338 0.151847 -0.009200 -0.039658 0.973420 -0.225566 8.660300 -0.164805 0.216280 0.962321 -1.275000 0.000000 0.000000 0.000000 1.000000
0.985431 0.081070 0.149511 -0.009200 -0.045946 0.973293 -0.224922 8.660300 -0.163753 0.214776 0.962838 -1.275000 0.000000 0.000000 0.000000 1.000000
0.985500 0.085403 0.146615 -0.009200 -0.050698 0.972830 -0.225902 8.660300 -0.161924 0.215193 0.963054 -1.275000 0.000000 0.000000 0.000000 1.000000
0.985905 0.088383 0.142053 -0.009200 -0.054239 0.972063 -0.228367 8.660300 -0.158268 0.217443 0.963156 -1.275000 0.000000 0.000000 0.000000 1.000000
0.986733 0.089473 0.135472 -0.009200 -0.056525 0.971558 -0.229956 8.660300 -0.152194 0.219248 0.963726 -1.275000 0.000000 0.000000 0.000000 1.000000
